# Accelerometer Data File
# Started @Wed Oct 14 10:13:25 GMT+02:00 2020
#
#
# sensor Vendor: STM
# sensor Name: LSM6DSO Acceleration Sensor
# sensor Resolution: 0.0023942017m/sec^2; Max Range: 78.4532; Min Delay: 2000 microseconds
# The sensor's attributes are the result hardware and the Android capabilities.
# It means that the Android may not utilize all features provided by the hardware.
#
# Some devices and Android versions save battery too much so the device may go to sleep.
# It just happens after couple of minutes from turning off the scree and it is easy to find it out.
#
# The following file provides the data from accelerometer in the m/s^2 format.
# The diff value is just a time delta between the samples
#
#
# data format:
# so we have 4 columns with values separated by the " "
# X Y Z time_from_previous_sample(ms)

# sensor speed set to:FASTEST
# units set to: m/sec^2
# gravity NOT filtered out
# Accuracy: HIGH
0.402 9.715 2.487 0
0.404 9.713 2.502 1
0.402 9.706 2.506 2
0.423 9.694 2.506 2
0.418 9.696 2.492 2
0.402 9.703 2.49 2
0.395 9.713 2.504 2
0.387 9.711 2.509 2
0.399 9.706 2.502 2
0.395 9.713 2.506 2
0.395 9.713 2.506 3
0.366 9.715 2.521 2
0.363 9.715 2.516 2
0.361 9.715 2.537 2
0.359 9.708 2.537 2
0.351 9.715 2.535 2
0.351 9.692 2.542 1
0.351 9.692 2.547 2
0.351 9.708 2.528 2
0.361 9.713 2.523 2
0.361 9.713 2.523 3
0.411 9.701 2.521 2
0.416 9.696 2.521 2
0.399 9.699 2.523 2
0.407 9.706 2.53 2
0.435 9.706 2.537 2
0.452 9.715 2.54 2
0.452 9.737 2.542 2
0.423 9.711 2.54 2
0.423 9.711 2.54 2
0.423 9.711 2.54 2
0.418 9.694 2.525 2
0.423 9.694 2.516 2
0.421 9.725 2.485 2
0.421 9.725 2.485 2
0.433 9.701 2.494 2
0.411 9.701 2.475 2
0.409 9.711 2.478 2
0.399 9.727 2.468 2
0.392 9.727 2.468 2
0.392 9.72 2.468 1
0.378 9.713 2.458 2
0.373 9.711 2.451 2
0.356 9.701 2.454 2
0.354 9.701 2.446 2
0.354 9.687 2.425 2
0.337 9.663 2.418 3
0.328 9.668 2.42 2
0.308 9.665 2.43 2
0.311 9.663 2.42 2
0.311 9.663 2.42 2
0.323 9.66 2.411 2
0.32 9.653 2.408 2
0.316 9.639 2.403 2
0.311 9.639 2.401 2
0.284 9.641 2.401 2
0.289 9.641 2.391 2
0.306 9.641 2.389 2
0.294 9.636 2.401 2
0.299 9.636 2.396 2
0.299 9.636 2.396 2
0.294 9.639 2.408 2
0.316 9.634 2.403 2
0.308 9.624 2.375 2
0.304 9.622 2.375 2
0.328 9.624 2.372 2
0.33 9.615 2.365 2
0.335 9.613 2.348 2
0.342 9.613 2.351 2
0.342 9.613 2.351 2
0.344 9.624 2.351 2
0.349 9.632 2.355 2
0.361 9.632 2.36 2
0.356 9.636 2.377 2
0.356 9.644 2.379 2
0.366 9.622 2.391 2
0.371 9.622 2.406 2
0.392 9.622 2.43 2
0.392 9.651 2.473 2
0.392 9.651 2.473 2
0.39 9.651 2.468 2
0.378 9.656 2.473 2
0.375 9.653 2.485 2
0.366 9.658 2.492 2
0.371 9.668 2.492 2
0.356 9.67 2.487 2
0.361 9.67 2.487 2
0.361 9.656 2.492 2
0.332 9.648 2.528 2
0.332 9.648 2.528 2
0.335 9.653 2.53 2
0.337 9.656 2.528 2
0.332 9.646 2.53 2
0.33 9.646 2.516 2
0.335 9.653 2.502 2
0.339 9.677 2.487 2
0.337 9.677 2.49 2
0.337 9.672 2.485 2
0.347 9.706 2.487 2
0.347 9.706 2.487 2
0.356 9.713 2.478 2
0.366 9.713 2.48 2
0.375 9.706 2.513 2
0.368 9.692 2.506 2
0.368 9.684 2.513 2
0.38 9.68 2.516 2
0.375 9.675 2.518 2
0.378 9.687 2.504 2
0.339 9.687 2.53 2
0.339 9.687 2.53 2
0.325 9.687 2.545 2
0.32 9.689 2.564 2
0.311 9.703 2.597 2
0.306 9.723 2.621 2
0.306 9.723 2.636 2
0.32 9.73 2.655 2
0.311 9.739 2.662 2
0.299 9.739 2.662 2
0.294 9.735 2.66 2
0.294 9.735 2.66 2
0.294 9.735 2.66 2
0.265 9.732 2.657 2
0.256 9.747 2.638 2
0.26 9.739 2.636 2
0.27 9.742 2.636 2
0.282 9.742 2.636 2
0.249 9.735 2.614 2
0.246 9.73 2.592 2
0.26 9.718 2.566 2
0.26 9.718 2.566 2
0.26 9.718 2.566 2
0.265 9.715 2.557 2
0.272 9.72 2.53 2
0.282 9.727 2.518 2
0.287 9.713 2.511 2
0.284 9.711 2.504 2
0.294 9.708 2.475 2
0.301 9.703 2.482 2
0.313 9.701 2.444 2
0.313 9.701 2.444 2
0.313 9.701 2.444 2
0.325 9.694 2.446 2
0.33 9.682 2.451 2
0.306 9.672 2.434 2
0.316 9.682 2.411 2
0.332 9.682 2.403 2
0.366 9.675 2.406 2
0.373 9.67 2.396 2
0.371 9.668 2.391 2
0.371 9.668 2.391 2
0.371 9.668 2.391 2
0.347 9.672 2.403 2
0.351 9.668 2.403 2
0.351 9.663 2.418 2
0.342 9.653 2.408 2
0.33 9.648 2.399 2
0.328 9.641 2.394 2
0.332 9.636 2.396 2
0.308 9.634 2.403 2
0.311 9.641 2.399 2
0.311 9.641 2.399 2
0.308 9.644 2.401 2
0.299 9.644 2.396 2
0.306 9.66 2.411 2
0.306 9.656 2.418 2
0.316 9.648 2.42 2
0.306 9.639 2.425 2
0.292 9.644 2.43 2
0.282 9.639 2.43 2
0.282 9.639 2.439 2
0.282 9.639 2.439 2
0.287 9.632 2.439 2
0.287 9.62 2.442 2
0.289 9.627 2.446 2
0.296 9.634 2.463 2
0.299 9.627 2.461 2
0.287 9.648 2.451 2
0.304 9.66 2.43 2
0.351 9.663 2.427 2
0.351 9.663 2.427 2
0.351 9.663 2.427 2
0.363 9.663 2.413 2
0.363 9.648 2.401 2
0.371 9.644 2.387 2
0.378 9.632 2.391 2
0.378 9.644 2.394 2
0.395 9.634 2.403 2
0.399 9.634 2.406 2
0.411 9.651 2.427 2
0.411 9.651 2.427 2
0.407 9.648 2.439 2
0.407 9.648 2.482 2
0.414 9.648 2.492 2
0.426 9.639 2.518 2
0.43 9.641 2.53 2
0.44 9.644 2.523 2
0.438 9.644 2.535 2
0.44 9.636 2.535 2
0.45 9.632 2.554 2
0.45 9.632 2.554 2
0.452 9.624 2.557 2
0.459 9.624 2.564 2
0.464 9.634 2.578 2
0.474 9.646 2.602 2
0.481 9.646 2.607 2
0.498 9.653 2.626 2
0.502 9.656 2.633 2
0.517 9.648 2.638 2
0.502 9.677 2.638 2
0.493 9.682 2.628 2
0.493 9.682 2.628 2
0.483 9.687 2.626 2
0.493 9.701 2.614 2
0.49 9.682 2.6 2
0.483 9.677 2.588 2
0.469 9.692 2.564 2
0.464 9.687 2.554 2
0.457 9.682 2.535 2
0.407 9.658 2.516 2
0.407 9.658 2.516 2
0.392 9.658 2.511 2
0.387 9.66 2.511 2
0.356 9.67 2.516 2
0.337 9.668 2.516 2
0.325 9.672 2.511 2
0.296 9.66 2.502 2
0.296 9.656 2.487 2
0.263 9.68 2.482 2
0.205 9.699 2.475 2
0.205 9.699 2.475 2
0.184 9.694 2.48 1
0.169 9.696 2.494 2
0.162 9.677 2.513 2
0.15 9.672 2.523 2
0.136 9.675 2.537 2
0.1 9.68 2.561 2
0.086 9.675 2.581 2
0.069 9.696 2.604 2
0.112 9.687 2.624 2
0.112 9.687 2.624 2
0.124 9.689 2.624 2
0.129 9.694 2.624 2
0.162 9.689 2.597 2
0.184 9.682 2.578 2
0.191 9.696 2.566 2
0.225 9.703 2.542 2
0.232 9.694 2.533 2
0.232 9.67 2.516 2
0.198 9.653 2.48 2
0.198 9.653 2.48 2
0.186 9.663 2.468 2
0.181 9.67 2.451 2
0.165 9.644 2.434 2
0.143 9.632 2.399 2
0.136 9.62 2.384 2
0.119 9.632 2.367 2
0.138 9.641 2.363 2
0.162 9.648 2.358 2
0.177 9.653 2.396 2
0.177 9.653 2.396 2
0.184 9.656 2.403 3
0.196 9.646 2.413 2
0.225 9.629 2.418 2
0.249 9.634 2.423 2
0.253 9.629 2.427 2
0.251 9.624 2.423 2
0.241 9.627 2.434 2
0.246 9.636 2.446 2
0.256 9.651 2.458 2
0.256 9.651 2.458 2
0.256 9.651 2.458 2
0.306 9.653 2.451 2
0.323 9.67 2.492 2
0.32 9.648 2.516 2
0.325 9.656 2.523 2
0.33 9.67 2.537 2
0.378 9.68 2.564 2
0.433 9.687 2.588 2
0.49 9.703 2.65 2
0.49 9.703 2.65 2
0.49 9.703 2.65 2
0.49 9.706 2.652 2
0.486 9.718 2.657 2
0.498 9.732 2.655 2
0.502 9.739 2.655 2
0.509 9.754 2.657 2
0.541 9.756 2.657 2
0.519 9.751 2.652 2
0.562 9.756 2.607 2
0.562 9.756 2.607 2
0.562 9.756 2.607 1
0.577 9.751 2.569 2
0.567 9.708 2.545 2
0.538 9.692 2.518 2
0.521 9.692 2.504 2
0.514 9.684 2.499 3
0.509 9.68 2.502 2
0.509 9.687 2.509 2
0.505 9.687 2.557 2
0.505 9.687 2.557 2
0.505 9.687 2.557 2
0.493 9.68 2.578 2
0.486 9.68 2.578 2
0.43 9.675 2.607 2
0.426 9.665 2.612 2
0.423 9.658 2.624 2
0.392 9.658 2.657 2
0.38 9.648 2.664 2
0.27 9.617 2.643 2
0.27 9.601 2.633 2
0.27 9.601 2.633 2
0.193 9.574 2.619 1
0.167 9.562 2.614 2
0.062 9.531 2.607 2
0.038 9.522 2.602 2
0.021 9.51 2.602 2
0.002 9.522 2.602 2
-0.004 9.526 2.583 2
-0.086 9.543 2.592 2
-0.086 9.543 2.592 2
-0.086 9.543 2.592 2
-0.112 9.536 2.576 2
-0.126 9.526 2.581 2
-0.141 9.526 2.585 2
-0.16 9.531 2.561 2
-0.16 9.553 2.54 2
-0.16 9.565 2.513 2
-0.169 9.562 2.516 2
-0.205 9.524 2.528 2
-0.205 9.524 2.528 2
-0.205 9.524 2.528 2
-0.198 9.529 2.54 2
-0.196 9.514 2.559 2
-0.162 9.502 2.59 2
-0.16 9.5 2.609 2
-0.169 9.522 2.631 2
-0.131 9.531 2.655 2
-0.105 9.541 2.676 2
-0.057 9.567 2.753 2
-0.035 9.572 2.765 2
-0.035 9.572 2.765 2
-0.026 9.586 2.81 2
-0.026 9.586 2.825 2
-0.021 9.589 2.851 2
-0.014 9.591 2.877 2
0.014 9.577 2.918 2
0.026 9.586 2.947 2
0.033 9.589 2.961 2
0.057 9.589 3.0 2
0.057 9.589 3.0 2
0.059 9.601 3.011 3
0.076 9.617 3.033 2
0.074 9.615 3.035 2
0.055 9.622 3.05 2
0.059 9.622 3.059 2
0.09 9.636 3.088 2
0.1 9.648 3.1 2
0.093 9.644 3.136 2
0.124 9.672 3.143 2
0.126 9.675 3.141 2
0.126 9.675 3.141 2
0.126 9.67 3.129 2
0.117 9.675 3.098 2
0.11 9.672 3.091 2
0.102 9.67 3.079 2
0.107 9.668 3.067 2
0.112 9.668 3.062 2
0.124 9.668 3.045 2
0.119 9.653 3.014 2
0.119 9.653 3.014 2
0.117 9.648 3.002 2
0.126 9.646 2.997 2
0.148 9.644 2.995 2
0.148 9.627 2.99 2
0.153 9.629 2.988 2
0.165 9.634 2.983 2
0.167 9.627 2.968 2
0.179 9.603 2.947 2
0.181 9.624 2.932 2
0.181 9.624 2.932 2
0.196 9.624 2.925 2
0.198 9.62 2.916 2
0.193 9.613 2.909 2
0.203 9.603 2.899 2
0.203 9.593 2.906 2
0.193 9.603 2.906 2
0.198 9.603 2.899 2
0.203 9.598 2.897 2
0.21 9.541 2.875 2
0.21 9.541 2.875 2
0.193 9.534 2.88 2
0.198 9.534 2.88 2
0.196 9.541 2.882 2
0.186 9.531 2.877 2
0.186 9.526 2.87 2
0.177 9.534 2.877 2
0.179 9.526 2.88 2
0.181 9.51 2.889 2
0.186 9.483 2.868 2
0.186 9.483 2.868 2
0.184 9.476 2.868 2
0.186 9.471 2.875 2
0.155 9.469 2.868 2
0.143 9.45 2.851 2
0.138 9.44 2.842 2
0.146 9.438 2.846 2
0.138 9.426 2.851 2
0.134 9.409 2.861 2
0.129 9.397 2.885 2
0.129 9.397 2.885 2
0.117 9.397 2.885 1
0.119 9.397 2.88 2
0.158 9.399 2.885 2
0.167 9.423 2.853 2
0.174 9.428 2.839 2
0.203 9.433 2.806 2
0.217 9.471 2.794 2
0.232 9.478 2.772 2
0.256 9.524 2.767 2
0.256 9.524 2.767 2
0.256 9.524 2.767 2
0.263 9.526 2.779 2
0.246 9.517 2.801 2
0.244 9.514 2.825 2
0.237 9.522 2.827 2
0.225 9.519 2.839 2
0.213 9.522 2.837 2
0.184 9.526 2.827 2
0.177 9.526 2.827 2
0.177 9.526 2.827 2
0.177 9.526 2.827 2
0.155 9.519 2.834 2
0.146 9.526 2.853 2
0.134 9.538 2.856 2
0.126 9.541 2.868 2
0.122 9.538 2.882 2
0.117 9.541 2.899 2
0.098 9.565 2.916 2
0.076 9.589 2.918 2
0.076 9.589 2.918 2
0.076 9.589 2.918 3
0.067 9.577 2.909 2
0.057 9.586 2.904 2
0.052 9.596 2.901 2
0.052 9.617 2.906 2
0.047 9.622 2.909 2
0.038 9.62 2.911 2
0.026 9.632 2.918 2
0.033 9.644 2.925 2
0.033 9.644 2.925 2
0.033 9.644 2.925 2
0.038 9.653 2.94 2
0.05 9.656 2.944 2
0.064 9.656 2.913 2
0.062 9.658 2.911 2
0.055 9.651 2.904 2
0.052 9.658 2.885 2
0.064 9.66 2.885 2
0.09 9.665 2.863 2
0.102 9.67 2.858 2
0.102 9.67 2.858 2
0.107 9.66 2.873 2
0.119 9.66 2.88 2
0.141 9.68 2.892 2
0.16 9.684 2.894 2
0.162 9.689 2.899 2
0.172 9.682 2.906 2
0.158 9.682 2.921 2
0.081 9.675 2.921 2
0.11 9.687 2.911 2
0.11 9.687 2.911 2
0.15 9.706 2.899 2
0.172 9.711 2.892 2
0.189 9.706 2.885 2
0.179 9.692 2.868 2
0.172 9.696 2.853 2
0.177 9.687 2.834 2
0.179 9.675 2.839 2
0.208 9.644 2.844 2
0.208 9.644 2.844 2
0.208 9.644 2.844 2
0.239 9.624 2.865 2
0.26 9.624 2.88 2
0.287 9.629 2.906 2
0.294 9.615 2.923 2
0.337 9.598 2.942 2
0.371 9.613 2.964 2
0.375 9.608 2.978 2
0.366 9.584 3.043 2
0.366 9.584 3.043 2
0.368 9.577 3.062 2
0.366 9.565 3.093 2
0.354 9.567 3.114 2
0.33 9.565 3.141 2
0.33 9.565 3.155 2
0.332 9.56 3.155 2
0.323 9.572 3.131 2
0.332 9.577 3.119 2
0.366 9.591 3.158 2
0.383 9.603 3.17 2
0.383 9.603 3.17 1
0.409 9.605 3.217 2
0.421 9.61 3.229 2
0.426 9.627 3.277 2
0.423 9.617 3.301 2
0.395 9.581 3.378 2
0.371 9.548 3.469 2
0.371 9.493 3.529 2
0.289 9.352 3.656 2
0.289 9.34 3.68 2
0.289 9.34 3.68 2
0.289 9.332 3.711 2
0.323 9.337 3.732 2
0.347 9.352 3.663 2
0.351 9.352 3.62 2
0.313 9.356 3.517 3
0.268 9.361 3.469 2
0.155 9.328 3.435 2
-0.011 9.361 3.419 2
-0.019 9.361 3.419 2
-0.019 9.361 3.404 2
-0.023 9.359 3.375 2
-0.067 9.356 3.335 2
-0.069 9.392 3.277 2
-0.05 9.402 3.239 2
0.047 9.45 3.098 2
0.088 9.481 3.023 2
0.162 9.543 2.913 2
0.296 9.687 2.751 2
0.296 9.687 2.751 2
0.311 9.706 2.743 2
0.323 9.718 2.731 2
0.313 9.737 2.705 2
0.289 9.725 2.691 2
0.299 9.711 2.669 2
0.27 9.658 2.609 2
0.246 9.617 2.583 2
0.222 9.577 2.516 2
0.217 9.5 2.303 2
0.217 9.5 2.303 2
0.22 9.502 2.262 2
0.239 9.514 2.212 2
0.253 9.543 2.126 2
0.229 9.562 2.09 2
0.227 9.572 2.078 2
0.165 9.596 2.054 2
0.143 9.601 2.037 2
0.15 9.639 2.006 2
0.122 9.694 1.948 2
0.122 9.694 1.948 2
0.126 9.715 1.934 2
0.146 9.735 1.908 2
0.174 9.754 1.855 2
0.158 9.771 1.829 2
0.155 9.771 1.819 2
0.126 9.794 1.822 2
0.102 9.797 1.836 2
0.112 9.826 1.81 2
0.203 9.909 1.781 2
0.203 9.909 1.781 2
0.225 9.921 1.781 2
0.244 9.938 1.778 2
0.27 9.962 1.824 2
0.253 9.964 1.865 2
0.246 9.964 1.891 2
0.196 9.96 1.965 2
0.174 9.953 1.987 2
0.134 9.938 2.006 2
-0.04 9.881 2.083 2
-0.04 9.881 2.083 1
-0.04 9.881 2.083 3
-0.079 9.842 2.063 1
-0.141 9.814 2.066 2
-0.172 9.783 2.054 2
-0.193 9.768 2.059 2
-0.201 9.754 2.071 2
-0.232 9.735 2.09 2
-0.296 9.718 2.15 2
-0.397 9.668 2.269 2
-0.397 9.668 2.269 2
-0.397 9.668 2.269 3
-0.452 9.656 2.32 2
-0.478 9.632 2.377 2
-0.512 9.603 2.458 2
-0.505 9.596 2.497 2
-0.478 9.593 2.53 2
-0.421 9.593 2.59 2
-0.359 9.574 2.636 2
-0.198 9.553 2.698 2
-0.198 9.553 2.698 2
-0.198 9.553 2.698 2
-0.155 9.562 2.719 2
-0.112 9.596 2.743 2
-0.11 9.622 2.767 2
-0.107 9.639 2.777 2
-0.11 9.658 2.777 2
-0.138 9.701 2.786 2
-0.134 9.715 2.782 2
-0.086 9.838 2.688 2
-0.086 9.838 2.688 2
-0.086 9.838 2.688 2
-0.057 9.917 2.643 2
-0.045 9.941 2.621 2
-0.007 10.039 2.571 2
-0.002 10.06 2.576 2
-0.004 10.07 2.583 2
-0.028 10.072 2.592 2
-0.047 10.06 2.595 2
-0.174 10.067 2.628 2
-0.222 10.077 2.648 2
-0.222 10.077 2.648 2
-0.301 10.075 2.662 2
-0.316 10.07 2.652 2
-0.347 10.024 2.592 2
-0.361 9.996 2.571 2
-0.385 9.967 2.528 2
-0.462 9.89 2.451 2
-0.483 9.859 2.432 2
-0.624 9.742 2.406 2
-0.627 9.689 2.375 2
-0.627 9.689 2.375 2
-0.634 9.61 2.317 2
-0.639 9.577 2.291 2
-0.641 9.514 2.276 2
-0.665 9.488 2.231 2
-0.701 9.493 2.212 2
-0.814 9.488 2.166 2
-0.864 9.474 2.142 2
-0.72 9.447 1.826 2
-0.72 9.447 1.826 2
-0.72 9.447 1.826 2
-0.344 9.404 1.484 2
-0.093 9.392 1.268 2
0.416 9.462 0.888 2
0.598 9.526 0.77 2
0.773 9.617 0.636 2
0.627 9.62 0.766 2
0.481 9.601 0.861 2
0.028 9.534 1.197 2
0.028 9.534 1.197 2
-0.038 9.524 1.235 2
-0.15 9.495 1.245 2
-0.222 9.498 1.206 2
-0.335 9.507 1.031 2
-0.38 9.495 0.914 2
-0.373 9.433 0.689 2
-0.368 9.352 0.495 2
-0.387 9.33 0.414 2
-0.533 9.313 0.347 2
-0.533 9.313 0.347 2
-0.553 9.32 0.359 2
-0.548 9.32 0.414 2
-0.555 9.33 0.435 2
-0.541 9.352 0.469 2
-0.538 9.359 0.49 2
-0.529 9.39 0.538 2
-0.536 9.402 0.639 2
-0.531 9.483 0.799 2
-0.531 9.605 1.142 2
-0.545 9.644 1.156 2
-0.545 9.644 1.156 2
-0.569 9.675 1.154 2
-0.562 9.725 1.13 2
-0.541 9.761 1.091 2
-0.524 9.794 1.072 2
-0.49 9.842 1.079 2
-0.49 9.859 1.087 2
-0.502 9.926 1.113 2
-0.577 10.008 1.235 2
-0.577 10.008 1.235 2
-0.591 10.02 1.245 2
-0.622 10.015 1.252 2
-0.663 9.955 1.273 2
-0.644 9.917 1.3 2
-0.6 9.909 1.319 2
-0.454 9.941 1.398 2
-0.373 9.962 1.455 2
-0.191 10.024 1.563 2
0.014 10.118 1.958 2
0.021 10.118 2.059 2
0.021 10.125 2.059 2
0.031 10.151 2.142 2
0.064 10.228 2.363 2
0.083 10.304 2.583 2
0.083 10.345 2.655 1
0.059 10.436 2.755 2
0.043 10.477 2.767 2
0.016 10.606 2.76 2
0.035 10.908 2.655 2
0.035 10.908 2.655 2
0.031 10.992 2.604 2
0.026 11.051 2.545 2
-0.014 11.126 2.384 2
-0.074 11.114 2.221 2
-0.088 11.087 2.109 2
-0.079 11.02 1.855 2
-0.059 10.977 1.692 2
-0.026 10.867 1.458 2
-0.263 10.671 1.039 2
-0.263 10.671 1.039 2
-0.361 10.585 0.967 2
-0.43 10.479 0.931 2
-0.507 10.261 0.727 2
-0.615 10.063 0.375 2
-0.675 9.943 0.227 2
-0.804 9.727 0.045 2
-0.885 9.641 0.014 2
-1.048 9.402 -0.076 2
-1.189 8.964 -0.239 2
-1.189 8.964 -0.239 2
-1.182 8.861 -0.282 3
-1.154 8.763 -0.304 2
-1.06 8.595 -0.38 2
-1.058 8.447 -0.466 2
-1.055 8.391 -0.498 2
-0.998 8.312 -0.593 2
-0.979 8.296 -0.641 2
-0.964 8.3 -0.689 2
-0.964 8.449 -0.747 2
-0.964 8.449 -0.747 2
-0.964 8.449 -0.747 2
-0.964 8.542 -0.775 2
-0.869 8.7 -0.849 2
-0.754 8.854 -0.881 2
-0.679 8.93 -0.881 2
-0.598 9.014 -0.888 2
-0.426 9.196 -0.928 2
-0.282 9.356 -0.938 2
0.095 9.692 -0.883 2
0.095 9.692 -0.883 2
0.177 9.692 -0.883 2
0.251 9.876 -0.84 2
0.368 10.048 -0.723 2
0.421 10.233 -0.543 2
0.404 10.309 -0.383 2
0.363 10.362 -0.122 2
0.016 10.465 0.414 2
-0.304 10.618 0.581 2
0.177 10.676 -0.021 2
0.177 10.676 -0.021 2
0.177 10.676 -0.021 2
0.466 10.534 -0.325 2
0.735 10.427 -0.548 2
0.986 10.381 -0.656 2
1.087 10.4 -0.679 2
1.156 10.443 -0.689 2
1.197 10.546 -0.679 2
1.07 10.599 -0.533 2
0.735 10.759 0.1 2
0.735 10.759 0.1 2
0.735 10.759 0.1 2
0.615 10.769 0.344 2
0.574 10.779 0.397 2
0.569 10.733 0.378 2
0.6 10.721 0.383 2
0.641 10.704 0.423 2
0.696 10.625 0.495 2
0.706 10.58 0.517 2
0.593 10.431 0.778 2
0.593 10.403 0.778 2
0.593 10.403 0.778 2
0.555 10.343 0.979 2
0.545 10.314 1.019 2
0.519 10.213 0.993 2
0.538 10.204 0.967 2
0.56 10.199 0.943 2
0.622 10.175 0.936 2
0.656 10.178 0.933 2
0.699 10.178 0.869 2
0.699 10.178 0.869 2
0.699 10.178 0.869 1
0.706 10.197 0.854 2
0.711 10.202 0.842 2
0.715 10.23 0.823 2
0.706 10.271 0.854 2
0.708 10.29 0.823 2
0.742 10.338 0.72 2
0.794 10.352 0.689 2
1.156 10.316 0.55 2
1.156 10.316 0.55 2
1.156 10.316 0.55 2
1.206 10.271 0.363 2
1.228 10.278 0.318 2
1.352 10.328 0.414 2
1.41 10.357 0.49 2
1.395 10.364 0.495 2
1.245 10.333 0.385 2
1.158 10.319 0.325 2
1.003 10.314 0.239 2
0.981 10.314 0.244 2
0.981 10.314 0.244 2
0.948 10.312 0.287 2
0.914 10.3 0.316 2
0.873 10.3 0.335 2
0.861 10.3 0.342 2
0.902 10.314 0.375 2
0.964 10.326 0.361 2
0.993 10.314 0.32 2
1.06 10.285 0.107 2
1.06 10.285 0.107 2
1.089 10.285 0.081 3
1.142 10.338 0.079 2
1.163 10.362 0.105 2
1.142 10.417 0.184 2
1.106 10.451 0.229 2
1.015 10.508 0.282 2
0.943 10.553 0.306 2
0.905 10.568 0.292 2
0.782 10.556 0.191 2
0.737 10.525 0.148 2
0.737 10.525 0.148 2
0.622 10.498 0.107 2
0.543 10.434 0.05 2
0.409 10.362 -0.016 2
0.368 10.369 -0.009 2
0.311 10.407 0.107 2
0.27 10.436 0.186 1
0.158 10.453 0.316 2
-0.083 10.443 0.541 2
-0.083 10.443 0.541 2
-0.143 10.417 0.569 2
-0.186 10.391 0.596 2
-0.244 10.312 0.634 2
-0.301 10.233 0.67 2
-0.337 10.158 0.629 2
-0.445 10.046 0.608 2
-0.462 10.005 0.622 2
-0.421 9.96 0.766 2
-0.466 9.902 1.185 2
-0.466 9.902 1.185 2
-0.452 9.96 1.309 3
-0.433 9.998 1.417 2
-0.411 10.02 1.513 2
-0.383 10.065 1.58 2
-0.349 10.077 1.594 2
-0.277 10.089 1.58 2
-0.258 10.067 1.513 2
-0.232 10.101 1.513 2
-0.203 10.122 1.649 2
-0.203 10.122 1.649 2
-0.174 10.137 1.692 2
-0.162 10.12 1.69 1
-0.251 10.027 1.678 2
-0.253 10.015 1.743 2
-0.222 10.027 1.752 3
-0.165 10.027 1.726 2
-0.162 9.998 1.699 2
-0.172 9.96 1.68 2
-0.146 9.924 1.616 2
-0.146 9.924 1.616 2
-0.143 9.912 1.594 2
-0.143 9.905 1.594 2
-0.131 9.907 1.611 2
-0.153 9.893 1.594 2
-0.165 9.878 1.568 2
-0.203 9.821 1.517 2
-0.205 9.814 1.522 2
-0.174 9.816 1.477 2
-0.184 9.773 1.34 2
-0.184 9.773 1.34 2
-0.189 9.763 1.302 2
-0.201 9.766 1.276 2
-0.244 9.735 1.221 2
-0.328 9.72 1.154 2
-0.368 9.711 1.139 2
-0.426 9.696 1.118 2
-0.454 9.672 1.075 2
-0.5 9.627 0.991 2
-0.617 9.553 0.837 2
-0.617 9.553 0.837 2
-0.639 9.553 0.837 2
-0.679 9.534 0.787 2
-0.744 9.495 0.732 2
-0.797 9.435 0.677 2
-0.83 9.397 0.641 2
-0.869 9.352 0.605 2
-0.936 9.258 0.553 2
-0.972 9.141 0.514 2
-0.979 8.961 0.49 2
-0.979 8.961 0.49 2
-0.979 8.961 0.49 2
-1.012 8.904 0.486 2
-1.019 8.865 0.541 2
-1.036 8.82 0.615 2
-1.041 8.813 0.67 2
-1.039 8.813 0.715 2
-1.046 8.765 0.802 2
-0.993 8.705 0.833 2
-0.921 8.612 0.852 2
-0.921 8.612 0.852 2
-0.921 8.612 0.852 2
-0.866 8.588 0.883 2
-0.845 8.523 0.943 2
-0.833 8.473 1.015 2
-0.842 8.449 1.06 2
-0.842 8.425 1.115 2
-0.804 8.415 1.197 2
-0.761 8.42 1.233 2
-0.699 8.423 1.266 2
-0.699 8.423 1.266 2
-0.699 8.423 1.266 2
-0.691 8.432 1.276 2
-0.684 8.439 1.271 2
-0.653 8.509 1.209 2
-0.646 8.545 1.192 2
-0.636 8.571 1.17 2
-0.562 8.631 1.144 2
-0.526 8.672 1.11 2
-0.395 8.875 1.058 2
-0.375 8.928 1.089 2
-0.375 8.928 1.089 2
-0.32 9.04 1.149 1
-0.268 9.098 1.163 2
-0.126 9.316 1.168 2
-0.093 9.404 1.166 2
-0.055 9.483 1.18 2
0.007 9.613 1.237 2
0.014 9.67 1.278 2
0.007 9.826 1.448 2
0.004 9.842 1.47 2
0.004 9.842 1.47 3
0.004 9.869 1.515 2
0.019 9.878 1.515 2
0.033 9.897 1.458 2
0.023 9.921 1.429 2
0.016 9.933 1.391 2
0.002 9.921 1.259 2
-0.016 9.919 1.199 2
-0.16 9.941 0.878 2
-0.16 9.941 0.878 2
-0.16 9.941 0.878 2
-0.189 9.941 0.756 2
-0.198 9.938 0.699 2
-0.205 9.905 0.596 2
-0.215 9.905 0.555 2
-0.225 9.878 0.505 2
-0.215 9.854 0.44 2
-0.215 9.833 0.414 2
-0.172 9.778 0.332 2
-0.172 9.778 0.332 2
-0.167 9.778 0.335 1
-0.148 9.761 0.361 3
-0.141 9.749 0.359 2
-0.122 9.737 0.373 2
-0.112 9.727 0.371 2
-0.095 9.708 0.397 2
-0.079 9.696 0.402 2
-0.057 9.696 0.409 2
0.052 9.663 0.428 2
0.052 9.651 0.428 2
0.052 9.651 0.428 1
0.11 9.66 0.459 3
0.138 9.66 0.488 2
0.162 9.653 0.531 2
0.184 9.648 0.555 2
0.215 9.658 0.62 2
0.277 9.646 0.677 2
0.311 9.648 0.706 2
0.399 9.699 0.739 2
0.433 9.711 0.739 2
0.433 9.711 0.739 2
0.469 9.715 0.77 2
0.464 9.682 0.78 2
0.454 9.608 0.799 2
0.442 9.581 0.802 2
0.421 9.507 0.802 2
0.409 9.459 0.797 2
0.387 9.373 0.77 2
0.33 9.222 0.675 2
0.33 9.222 0.675 2
0.328 9.201 0.644 2
0.323 9.179 0.62 2
0.313 9.155 0.567 2
0.292 9.167 0.507 2
0.294 9.162 0.476 2
0.265 9.16 0.399 2
0.268 9.158 0.375 2
0.246 9.172 0.318 2
0.265 9.287 0.232 2
0.265 9.287 0.232 2
0.277 9.323 0.232 2
0.287 9.344 0.225 2
0.272 9.342 0.208 2
0.26 9.328 0.215 2
0.244 9.296 0.21 2
0.215 9.251 0.215 2
0.215 9.225 0.229 2
0.225 9.179 0.244 2
0.284 9.122 0.335 2
0.284 9.122 0.335 2
0.301 9.112 0.371 2
0.318 9.107 0.409 2
0.351 9.095 0.493 2
0.375 9.064 0.574 2
0.39 9.047 0.627 1
0.411 9.045 0.744 2
0.433 9.038 0.794 2
0.454 9.047 0.9 2
0.495 9.055 1.055 2
0.495 9.055 1.055 2
0.505 9.043 1.079 2
0.521 9.021 1.096 2
0.567 9.009 1.115 2
0.586 9.0 1.084 2
0.584 9.0 1.06 2
0.596 8.983 0.991 2
0.591 8.976 0.952 2
0.586 8.968 0.888 2
0.584 8.94 0.732 2
0.584 8.94 0.732 2
0.586 8.935 0.687 2
0.593 8.935 0.641 2
0.581 8.897 0.577 2
0.579 8.865 0.505 2
0.581 8.842 0.474 2
0.569 8.798 0.452 3
0.567 8.786 0.452 2
0.553 8.731 0.466 2
0.572 8.657 0.502 2
0.572 8.657 0.502 2
0.581 8.648 0.502 2
0.577 8.648 0.512 2
0.557 8.648 0.533 2
0.541 8.633 0.56 2
0.538 8.628 0.581 2
0.543 8.64 0.617 2
0.615 8.691 0.751 2
0.677 8.775 0.917 2
0.598 8.779 1.087 2
0.598 8.779 1.087 2
0.553 8.779 1.098 2
0.495 8.696 1.103 2
0.399 8.626 1.139 2
0.366 8.588 1.17 2
0.361 8.595 1.175 2
0.359 8.597 1.177 2
0.375 8.607 1.154 2
0.361 8.609 1.103 2
0.325 8.545 1.046 2
0.325 8.545 1.046 2
0.325 8.545 1.046 2
0.275 8.547 1.01 2
0.234 8.511 0.936 2
0.191 8.48 0.847 2
0.174 8.461 0.806 2
0.16 8.449 0.758 2
0.143 8.423 0.656 2
0.167 8.411 0.565 2
0.22 8.329 0.426 2
0.22 8.329 0.426 2
0.22 8.329 0.426 2
0.22 8.284 0.38 2
0.256 8.26 0.351 2
0.277 8.212 0.339 2
0.301 8.195 0.349 2
0.332 8.186 0.351 2
0.385 8.181 0.304 2
0.423 8.178 0.275 2
0.543 8.133 0.249 2
0.543 8.133 0.249 2
0.543 8.133 0.249 2
0.579 8.128 0.249 2
0.572 8.121 0.241 2
0.596 8.109 0.227 2
0.62 8.121 0.234 2
0.627 8.14 0.239 2
0.663 8.154 0.241 2
0.684 8.154 0.241 2
0.742 8.169 0.217 2
0.766 8.178 0.225 2
0.766 8.178 0.225 2
0.804 8.181 0.26 2
0.818 8.183 0.28 2
0.837 8.2 0.335 2
0.847 8.197 0.349 2
0.857 8.195 0.368 2
0.84 8.205 0.423 2
0.826 8.209 0.459 2
0.725 8.188 0.502 2
0.725 8.188 0.502 2
0.725 8.188 0.502 2
0.677 8.152 0.493 2
0.67 8.145 0.483 2
0.658 8.114 0.445 2
0.62 8.107 0.433 2
0.605 8.085 0.414 2
0.615 8.059 0.416 2
0.622 8.061 0.421 2
0.584 8.023 0.383 2
0.55 8.008 0.375 2
0.55 8.008 0.375 1
0.495 7.98 0.371 2
0.486 7.968 0.375 2
0.435 7.948 0.397 2
0.416 7.932 0.421 2
0.39 7.929 0.469 2
0.366 7.948 0.533 2
0.354 7.965 0.565 2
0.318 8.013 0.756 2
0.287 8.018 0.814 2
0.287 8.018 0.814 2
0.256 8.013 0.928 2
0.217 8.023 0.988 2
0.107 8.042 1.115 2
0.069 8.054 1.182 2
0.007 8.075 1.297 2
-0.059 8.102 1.362 2
-0.076 8.111 1.403 2
-0.146 8.193 1.592 2
-0.165 8.217 1.64 2
-0.165 8.217 1.64 2
-0.191 8.241 1.74 2
-0.189 8.274 1.769 2
-0.179 8.303 1.788 2
-0.169 8.327 1.766 2
-0.117 8.348 1.704 2
-0.09 8.348 1.652 2
-0.033 8.339 1.527 2
0.138 8.317 1.185 2
0.138 8.317 1.185 2
0.177 8.312 1.079 2
0.225 8.305 0.964 2
0.318 8.308 0.804 2
0.366 8.293 0.653 2
0.392 8.293 0.545 2
0.466 8.279 0.325 2
0.5 8.257 0.196 2
0.581 8.2 -0.069 2
0.761 8.109 -0.553 2
0.823 8.109 -0.656 2
0.823 8.09 -0.656 2
0.888 8.083 -0.735 2
1.003 8.092 -0.849 2
1.103 8.111 -0.996 2
1.175 8.114 -1.06 2
1.324 8.142 -1.118 2
1.371 8.157 -1.125 2
1.489 8.154 -1.149 2
1.692 8.133 -1.142 2
1.74 8.128 -1.144 2
1.74 8.128 -1.144 2
1.79 8.114 -1.132 2
1.865 8.15 -1.089 2
1.934 8.171 -1.017 2
1.956 8.186 -0.967 2
1.992 8.221 -0.852 2
2.001 8.238 -0.794 2
1.996 8.255 -0.684 2
1.948 8.231 -0.423 2
1.948 8.231 -0.423 2
1.927 8.224 -0.375 2
1.915 8.221 -0.332 2
1.85 8.207 -0.244 2
1.771 8.188 -0.165 2
1.726 8.178 -0.134 2
1.618 8.169 -0.076 2
1.58 8.166 -0.05 2
1.515 8.171 0.0 2
1.362 8.193 0.035 2
1.362 8.193 0.035 2
1.316 8.205 0.043 2
1.28 8.217 0.052 2
1.18 8.238 0.102 2
1.048 8.272 0.134 2
0.976 8.262 0.16 2
0.823 8.277 0.208 2
0.749 8.291 0.232 2
0.586 8.31 0.308 2
0.318 8.384 0.512 2
0.318 8.384 0.512 2
0.26 8.384 0.567 2
0.203 8.403 0.629 2
0.105 8.435 0.77 2
0.033 8.468 0.926 2
-0.002 8.494 1.005 2
-0.079 8.516 1.082 2
-0.119 8.559 1.233 2
-0.179 8.607 1.34 2
-0.318 8.703 1.438 2
-0.318 8.703 1.438 2
-0.344 8.703 1.438 2
-0.371 8.707 1.462 2
-0.397 8.705 1.513 2
-0.404 8.717 1.563 2
-0.407 8.717 1.57 2
-0.385 8.712 1.57 2
-0.339 8.734 1.594 2
-0.275 8.727 1.62 2
-0.028 8.741 1.668 2
-0.028 8.741 1.668 2
-0.028 8.741 1.668 2
0.083 8.76 1.673 2
0.169 8.784 1.642 2
0.256 8.786 1.589 2
0.289 8.789 1.561 2
0.316 8.786 1.522 2
0.368 8.777 1.438 2
0.445 8.77 1.338 2
0.569 8.796 1.094 2
0.569 8.796 1.094 2
0.569 8.796 1.094 2
0.656 8.798 0.962 2
0.727 8.81 0.859 2
0.782 8.858 0.742 2
0.804 8.875 0.672 2
0.828 8.894 0.61 2
0.849 8.933 0.498 2
0.871 8.968 0.447 2
0.895 9.067 0.344 2
0.9 9.079 0.33 2
0.9 9.079 0.33 2
0.876 9.074 0.363 2
0.869 9.081 0.404 2
0.921 9.117 0.505 2
0.931 9.122 0.543 2
0.943 9.124 0.586 2
0.981 9.131 0.706 2
1.0 9.131 0.775 2
1.144 9.186 1.235 2
1.144 9.186 1.235 2
1.144 9.186 1.235 2
1.175 9.241 1.453 2
1.177 9.265 1.556 2
1.118 9.318 1.819 2
1.108 9.337 1.898 2
1.091 9.371 1.972 2
1.029 9.411 2.116 2
1.022 9.419 2.193 2
1.005 9.555 2.418 2
1.005 9.555 2.418 2
1.005 9.555 2.418 2
1.027 9.636 2.442 2
1.048 9.672 2.444 2
1.101 9.766 2.442 2
1.115 9.766 2.442 2
1.13 9.814 2.399 2
1.163 9.881 2.293 2
1.173 9.907 2.224 2
1.24 10.012 1.857 2
1.249 10.012 1.857 2
1.249 10.027 1.733 2
1.288 10.046 1.46 2
1.295 10.036 1.324 2
1.309 10.032 1.039 2
1.324 10.032 0.905 2
1.347 10.022 0.656 2
1.343 9.998 0.438 2
1.331 9.986 0.347 2
1.268 9.955 0.045 2
1.245 9.955 0.045 2
1.245 9.938 -0.011 2
1.17 9.905 -0.112 2
1.137 9.89 -0.143 2
1.058 9.871 -0.174 2
1.003 9.857 -0.167 2
0.909 9.85 -0.086 2
0.854 9.862 0.035 2
0.835 9.857 0.107 2
0.778 9.862 0.39 2
0.773 9.852 0.469 2
0.773 9.852 0.469 2
0.77 9.842 0.644 2
0.768 9.835 0.732 2
0.756 9.828 0.914 2
0.747 9.842 0.996 2
0.732 9.871 1.137 2
0.703 9.876 1.192 2
0.679 9.89 1.314 2
0.629 9.893 1.489 2
0.629 9.893 1.489 2
0.636 9.893 1.508 2
0.641 9.89 1.522 2
0.689 9.878 1.527 2
0.739 9.885 1.508 2
0.756 9.89 1.486 2
0.806 9.895 1.419 2
0.826 9.907 1.376 2
0.895 9.902 1.252 2
0.969 9.885 0.974 2
0.969 9.885 0.974 2
0.969 9.89 0.897 2
0.979 9.9 0.823 2
1.015 9.897 0.67 2
1.022 9.897 0.488 2
1.039 9.897 0.395 2
1.067 9.929 0.229 2
1.079 9.945 0.167 2
1.108 9.964 0.079 2
1.206 10.039 -0.057 2
1.206 10.039 -0.057 2
1.235 10.053 -0.079 2
1.268 10.079 -0.086 2
1.331 10.154 -0.05 2
1.391 10.245 0.016 2
1.436 10.29 0.071 2
1.565 10.383 0.191 2
1.64 10.441 0.27 2
1.795 10.549 0.43 2
2.027 10.671 0.79 2
2.027 10.671 0.79 2
2.068 10.685 0.878 2
2.097 10.707 0.972 2
2.166 10.755 1.17 2
2.25 10.798 1.309 2
2.31 10.843 1.367 2
2.427 10.915 1.431 2
2.499 10.932 1.455 2
2.619 10.958 1.477 2
2.662 10.944 1.577 2
2.662 10.944 1.577 2
2.624 10.949 1.608 2
2.573 10.958 1.635 2
2.482 10.975 1.659 2
2.403 11.013 1.664 2
2.363 11.037 1.654 2
2.303 11.09 1.604 2
2.284 11.121 1.561 2
2.236 11.195 1.45 2
2.075 11.341 1.235 2
2.075 11.341 1.235 2
2.075 11.341 1.235 2
1.975 11.425 1.151 2
1.829 11.511 1.118 2
1.616 11.602 1.101 2
1.494 11.652 1.084 2
1.259 11.703 1.07 2
1.151 11.81 1.034 2
0.945 11.957 1.027 2
0.644 12.34 1.154 2
0.644 12.34 1.154 2
0.588 12.34 1.154 2
0.548 12.569 1.28 2
0.483 12.852 1.403 2
0.411 13.154 1.47 2
0.383 13.316 1.494 2
0.356 13.477 1.51 2
0.306 13.819 1.503 2
0.253 14.186 1.491 2
0.256 14.935 1.541 2
0.256 14.935 1.541 2
0.256 14.935 1.541 2
0.342 15.318 1.604 2
0.435 15.646 1.704 2
0.543 15.933 1.817 2
0.617 16.063 1.889 2
0.687 16.19 1.965 2
0.828 16.427 2.13 2
1.005 16.666 2.274 2
1.292 17.023 2.494 2
1.292 17.023 2.494 2
1.292 17.023 2.494 2
1.417 17.138 2.571 2
1.577 17.188 2.621 2
1.716 17.284 2.655 2
1.788 17.308 2.657 2
1.86 17.329 2.657 2
1.965 17.368 2.662 2
2.071 17.377 2.664 2
2.255 17.396 2.739 2
2.255 17.396 2.739 2
2.255 17.396 2.739 2
2.351 17.435 2.786 2
2.379 17.449 2.818 2
2.487 17.48 2.913 2
2.509 17.475 2.947 2
2.528 17.482 2.995 2
2.523 17.528 3.086 2
2.499 17.564 3.126 2
2.384 17.746 3.32 2
2.339 17.789 3.354 2
2.339 17.789 3.354 2
2.241 17.894 3.385 2
2.209 17.966 3.407 2
2.121 18.167 3.395 2
2.114 18.244 3.383 2
2.123 18.328 3.361 2
2.178 18.505 3.277 2
2.214 18.596 3.217 2
2.423 19.108 2.906 2
2.423 19.108 2.906 2
2.423 19.108 2.906 2
2.48 19.372 2.846 2
2.504 19.525 2.832 2
2.535 19.815 2.813 2
2.545 19.961 2.832 2
2.554 20.286 2.861 2
2.583 20.605 2.94 2
2.621 20.755 3.0 2
2.719 21.325 3.256 2
2.724 21.325 3.328 2
2.724 21.462 3.328 2
2.71 21.749 3.505 2
2.681 21.881 3.6 2
2.597 22.147 3.797 2
2.533 22.281 3.902 2
2.413 22.532 4.065 2
2.243 22.75 4.201 2
2.14 22.843 4.28 2
1.697 23.025 4.63 2
1.611 23.049 4.733 2
1.611 23.049 4.733 2
1.448 23.09 4.934 2
1.393 23.119 5.027 2
1.343 23.171 5.248 2
1.34 23.212 5.377 2
1.381 23.293 5.652 2
1.448 23.377 5.909 2
1.474 23.399 6.019 2
1.496 23.425 6.342 2
1.496 23.416 6.387 2
1.496 23.416 6.387 2
1.465 23.411 6.457 2
1.45 23.418 6.488 2
1.405 23.418 6.531 2
1.398 23.411 6.553 2
1.379 23.392 6.586 2
1.398 23.372 6.605 2
1.429 23.358 6.605 2
1.668 23.305 6.469 2
1.668 23.305 6.469 2
1.75 23.301 6.404 2
1.843 23.31 6.323 2
2.015 23.317 6.107 2
2.169 23.32 5.854 2
2.212 23.313 5.722 2
2.26 23.296 5.48 2
2.284 23.286 5.377 2
2.303 23.217 5.171 2
2.42 23.04 4.64 2
2.42 23.04 4.64 2
2.478 23.044 4.477 2
2.537 23.066 4.324 2
2.705 23.145 4.029 2
2.918 23.265 3.78 2
3.038 23.313 3.684 2
3.256 23.387 3.55 2
3.378 23.427 3.51 2
3.586 23.411 3.454 2
3.804 23.176 3.488 2
3.787 23.04 3.545 2
3.787 23.04 3.545 2
3.766 22.884 3.591 2
3.689 22.527 3.541 2
3.636 22.197 3.464 2
3.629 22.046 3.407 2
3.6 21.708 3.261 2
3.589 21.519 3.177 2
3.545 21.129 3.064 2
3.021 20.341 3.397 2
3.021 20.341 3.397 2
2.801 20.14 3.531 2
2.569 19.941 3.658 2
2.14 19.537 3.921 2
1.805 19.07 4.355 2
1.623 18.833 4.661 2
1.161 18.325 5.332 2
0.938 18.031 5.624 2
0.457 17.461 6.15 2
-1.118 16.597 7.702 2
-1.118 16.597 7.702 2
-1.532 16.384 8.016 2
-1.941 16.151 8.265 2
-2.762 15.718 8.626 2
-3.476 15.352 8.77 2
-3.763 15.191 8.741 2
-4.201 14.892 8.533 2
-4.3 14.751 8.387 2
-4.247 14.482 8.039 2
-3.249 14.181 7.278 2
-3.249 14.181 7.278 2
-3.249 14.181 7.278 2
-2.353 14.178 6.859 2
-1.3 14.277 6.411 2
-0.222 14.451 5.901 2
0.311 14.583 5.609 2
1.271 14.71 5.011 2
1.687 14.947 4.74 2
2.406 15.16 4.225 2
3.335 15.32 3.742 2
3.335 15.32 3.742 2
3.476 15.32 3.687 2
3.574 15.287 3.62 2
3.668 15.21 3.555 2
3.612 15.004 3.579 2
3.519 14.839 3.61 2
3.392 14.648 3.648 2
3.076 14.207 3.754 2
2.693 13.731 3.826 2
1.625 12.727 3.849 2
1.625 12.727 3.849 2
1.625 12.727 3.849 2
0.988 12.256 3.754 2
0.38 11.827 3.55 2
-0.15 11.442 3.323 2
-0.373 11.255 3.215 2
-0.565 11.071 3.102 2
-0.859 10.774 2.856 2
-1.041 10.551 2.592 2
-1.024 10.202 2.166 2
-1.024 10.202 2.166 2
-1.024 10.202 2.166 2
-0.804 10.043 2.027 2
-0.344 9.842 1.829 2
0.375 9.569 1.659 2
0.79 9.423 1.695 2
1.213 9.284 1.841 2
2.03 9.119 2.365 2
2.839 9.079 2.662 2
4.268 9.04 3.639 2
4.268 9.009 3.854 2
4.268 9.009 3.854 2
4.781 8.918 4.271 2
4.97 8.834 4.46 2
5.257 8.324 4.853 2
5.253 8.109 4.869 2
5.202 7.867 4.831 2
5.039 7.379 4.613 2
4.896 7.101 4.446 2
3.332 5.427 3.27 2
3.332 5.427 3.27 2
3.332 5.427 3.27 2
2.363 4.764 2.748 2
1.824 4.448 2.487 2
-0.021 3.708 1.838 2
-0.687 3.517 1.707 2
-1.273 3.328 1.594 2
-1.913 2.889 1.29 2
-1.994 2.65 1.106 2
-2.633 1.582 0.416 2
-2.633 1.582 0.416 2
-2.633 1.582 0.416 2
-3.117 1.383 0.225 2
-3.359 1.295 0.124 2
-3.84 0.936 -0.086 2
-3.864 0.936 -0.117 2
-3.823 0.557 -0.119 2
-3.555 0.112 -0.043 2
-3.342 -0.119 0.057 2
-1.91 -0.986 0.852 2
-1.405 -1.161 1.146 2
-1.405 -1.161 1.146 2
-0.258 -1.434 1.841 2
0.332 -1.51 2.245 2
1.47 -1.601 3.136 2
1.984 -1.632 3.603 2
2.858 -1.687 4.45 2
3.536 -1.857 5.059 2
3.794 -1.98 5.26 2
4.319 -2.786 5.389 2
4.319 -2.786 5.389 2
4.35 -3.052 5.231 2
4.271 -3.598 4.683 2
4.192 -3.883 4.3 2
3.909 -4.453 3.304 2
3.718 -4.726 2.724 2
3.229 -5.221 1.434 2
2.679 -5.595 0.05 2
2.382 -5.774 -0.677 2
1.278 -6.569 -3.794 2
1.015 -6.761 -4.597 2
1.015 -6.761 -4.597 2
0.428 -7.046 -6.227 2
0.114 -7.115 -7.063 2
-0.548 -7.142 -8.722 2
-0.873 -7.118 -9.495 2
-1.474 -6.926 -10.771 2
-2.116 -6.799 -11.863 2
-2.456 -6.624 -12.361 2
-3.397 -6.399 -13.776 2
-3.397 -6.399 -13.776 2
-3.483 -6.32 -13.951 2
-3.512 -6.237 -14.013 2
-3.502 -5.978 -13.798 2
-3.428 -5.578 -13.228 2
-3.421 -5.382 -12.852 2
-3.44 -5.042 -11.952 2
-3.454 -4.903 -11.403 2
-3.438 -4.592 -10.082 2
-2.94 -3.761 -6.533 2
-2.719 -3.761 -6.533 2
-2.719 -3.517 -5.542 2
-2.487 -3.265 -4.51 2
-2.102 -2.748 -2.389 2
-1.75 -2.281 -0.265 2
-1.577 -2.061 0.785 2
-1.273 -1.743 2.825 2
-1.125 -1.577 3.802 2
-0.837 -1.252 5.604 2
-0.387 -0.593 8.696 2
-0.387 -0.593 8.696 2
-0.292 -0.423 9.347 2
-0.215 -0.272 9.941 2
-0.095 -0.014 10.881 2
-0.038 0.189 11.612 2
-0.026 0.265 11.904 2
0.004 0.368 12.304 2
0.033 0.411 12.39 2
0.119 0.495 12.335 2
0.304 0.646 11.363 2
0.304 0.646 11.363 2
0.344 0.696 10.934 2
0.366 0.739 10.439 2
0.347 0.766 9.318 2
0.203 0.735 8.09 2
0.067 0.694 7.465 2
-0.229 0.598 6.148 2
-0.375 0.574 5.468 2
-0.653 0.605 4.087 2
-1.225 0.833 1.601 2
-1.225 0.833 1.601 2
-1.347 0.921 1.027 2
-1.448 1.024 0.481 2
-1.596 1.268 -0.519 2
-1.699 1.553 -1.412 2
-1.726 1.692 -1.79 2
-1.824 1.975 -2.387 2
-1.874 2.123 -2.592 2
-2.006 2.377 -2.815 2
-2.157 2.851 -2.7 2
-2.157 2.851 -2.7 2
-2.164 2.973 -2.588 2
-2.171 3.1 -2.458 2
-2.102 3.332 -2.14 2
-1.929 3.521 -1.759 2
-1.81 3.615 -1.549 2
-1.51 3.718 -1.058 2
-1.371 3.912 -0.785 2
-1.113 4.089 -0.26 2
-0.454 4.4 0.754 2
-0.454 4.4 0.754 2
-0.275 4.484 0.998 2
-0.102 4.549 1.245 2
0.208 4.635 1.74 2
0.526 4.699 2.226 2
0.672 4.716 2.461 2
0.814 4.733 2.7 2
1.072 4.767 3.155 2
1.278 4.783 3.567 2
1.69 4.678 4.201 2
1.69 4.678 4.201 2
1.69 4.678 4.201 2
1.929 4.57 4.403 2
2.142 4.453 4.568 2
2.293 4.314 4.608 2
2.351 4.247 4.585 2
2.396 4.175 4.527 2
2.454 4.031 4.324 2
2.439 3.902 4.031 2
2.298 3.689 3.33 2
2.298 3.689 3.33 2
2.298 3.689 3.33 2
2.264 3.579 2.932 2
2.233 3.423 2.518 2
2.183 3.265 2.104 2
2.154 3.201 1.901 2
2.133 3.126 1.702 2
2.102 2.971 1.314 2
2.039 2.889 0.897 2
1.845 2.542 0.119 2
1.845 2.454 0.119 2
1.845 2.454 0.119 2
1.728 2.262 -0.304 2
1.675 2.169 -0.526 2
1.479 1.922 -1.163 2
1.419 1.86 -1.352 2
1.369 1.788 -1.532 2
1.316 1.673 -1.889 2
1.295 1.618 -2.039 2
1.075 1.326 -2.516 2
1.075 1.326 -2.516 2
1.075 1.326 -2.516 2
0.933 1.194 -2.59 2
0.866 1.118 -2.612 2
0.656 0.914 -2.549 2
0.584 0.842 -2.513 2
0.514 0.768 -2.47 2
0.383 0.644 -2.351 2
0.306 0.584 -2.274 2
-0.031 0.205 -1.783 2
-0.031 0.205 -1.783 2
-0.031 0.205 -1.783 2
-0.174 0.045 -1.563 2
-0.256 -0.019 -1.448 2
-0.498 -0.153 -1.221 2
-0.591 -0.287 -1.015 2
-0.687 -0.349 -0.914 2
-0.842 -0.476 -0.727 2
-0.914 -0.541 -0.656 2
-1.12 -0.828 -0.43 2
-1.158 -0.917 -0.366 2
-1.158 -0.917 -0.366 2
-1.197 -1.048 -0.213 2
-1.23 -1.089 -0.141 2
-1.245 -1.137 0.026 2
-1.259 -1.158 0.122 2
-1.314 -1.189 0.323 2
-1.376 -1.216 0.49 2
-1.403 -1.249 0.553 2
-1.383 -1.29 0.739 2
-1.347 -1.292 0.768 2
-1.347 -1.292 0.768 2
-1.197 -1.285 0.804 2
-1.091 -1.295 0.837 2
-0.914 -1.312 0.943 2
-0.842 -1.321 1.017 2
-0.708 -1.338 1.213 2
-0.565 -1.362 1.436 2
-0.493 -1.364 1.541 2
-0.174 -1.336 1.951 2
-0.098 -1.314 2.02 2
-0.098 -1.314 2.02 2
0.067 -1.288 2.133 2
0.148 -1.268 2.157 2
0.337 -1.233 2.188 2
0.44 -1.206 2.195 2
0.636 -1.146 2.217 2
0.842 -1.125 2.233 2
0.952 -1.082 2.255 2
1.417 -1.077 2.298 2
1.417 -1.077 2.298 2
1.541 -1.084 2.293 2
1.783 -1.094 2.284 2
1.908 -1.115 2.241 2
2.147 -1.161 2.174 2
2.245 -1.18 2.111 2
2.365 -1.213 1.965 2
2.399 -1.223 1.879 2
2.363 -1.221 1.64 2
2.073 -1.189 1.007 2
2.073 -1.189 1.007 2
1.963 -1.177 0.835 2
1.834 -1.168 0.656 2
1.563 -1.122 0.253 2
1.261 -1.019 -0.146 2
1.101 -0.969 -0.306 2
0.751 -0.818 -0.567 2
0.593 -0.739 -0.648 2
0.335 -0.557 -0.737 2
0.1 -0.026 -0.907 2
0.1 -0.026 -0.907 2
0.093 0.16 -0.991 2
0.119 0.361 -1.108 2
0.246 0.747 -1.386 2
0.435 1.127 -1.656 2
0.55 1.309 -1.774 2
0.811 1.599 -1.972 2
0.955 1.733 -2.054 2
1.266 1.989 -2.209 2
1.944 2.463 -2.82 2
1.944 2.463 -2.82 2
2.09 2.566 -2.99 2
2.219 2.655 -3.134 2
2.418 2.789 -3.301 2
2.528 2.978 -3.198 2
2.487 3.112 -2.995 2
2.188 3.217 -2.882 2
1.994 3.244 -2.961 2
1.589 3.294 -3.177 2
0.725 3.466 -4.0 2
0.725 3.466 -4.0 2
0.466 3.452 -4.029 2
0.205 3.423 -4.019 2
-0.366 3.313 -3.931 2
-0.979 3.234 -3.797 2
-1.328 3.227 -3.675 2
-2.037 3.258 -3.237 2
-2.396 3.313 -3.038 2
-3.057 3.49 -2.705 2
-3.888 4.089 -2.363 2
-3.888 4.089 -2.363 2
-3.964 4.302 -2.444 2
-4.0 4.51 -2.518 2
-3.976 4.948 -2.521 2
-3.842 5.53 -2.547 2
-3.723 5.858 -2.612 2
-3.44 6.617 -2.693 2
-3.268 7.022 -2.717 2
-2.875 7.843 -2.751 2
-2.023 9.445 -2.648 2
-2.023 9.445 -2.648 2
-1.79 9.826 -2.559 2
-1.534 10.199 -2.427 2
-0.993 10.939 -2.059 2
-0.44 11.7 -1.539 2
-0.134 12.086 -1.163 2
0.174 12.483 -0.691 2
0.766 13.309 0.457 2
1.326 14.131 1.762 2
2.48 15.56 4.817 2
2.48 15.56 4.817 2
2.48 15.56 4.817 2
2.923 16.233 6.502 2
3.172 16.862 8.19 2
3.249 17.466 9.854 2
3.239 17.755 10.668 2
3.213 18.04 11.47 2
3.043 18.536 13.005 2
2.762 19.015 14.391 2
1.798 19.652 16.69 2
1.798 19.652 16.69 2
1.798 19.652 16.69 2
1.304 19.906 17.566 2
0.957 20.157 18.251 2
0.651 20.447 18.787 2
0.495 20.621 18.902 2
0.359 20.823 18.941 2
0.086 21.34 18.771 2
-0.102 21.641 18.421 2
-0.481 23.265 16.987 2
-0.481 23.265 16.987 2
-0.481 23.265 16.987 2
-0.593 23.909 16.032 2
-0.658 24.206 15.526 2
-0.957 24.874 13.953 2
-1.077 25.034 13.453 2
-1.206 25.159 12.976 2
-1.529 25.35 12.117 2
-1.69 25.412 11.753 2
-2.394 25.408 10.795 2
-2.394 25.374 10.649 2
-2.394 25.374 10.649 2
-2.525 25.211 10.424 2
-2.573 25.118 10.355 2
-2.695 24.771 10.321 2
-2.698 24.673 10.35 2
-2.688 24.572 10.391 2
-2.607 24.306 10.484 2
-2.547 24.17 10.532 2
-1.913 23.382 10.668 2
-1.913 23.382 10.668 2
-1.913 23.382 10.668 2
-1.647 23.023 10.513 2
-1.592 22.774 10.35 2
-1.635 22.115 9.538 2
-1.707 21.364 9.22 2
-1.776 20.981 8.906 2
-1.834 20.245 8.329 2
-1.834 19.91 8.051 2
-1.529 18.763 6.969 2
-1.352 18.55 6.699 2
-1.352 18.55 6.699 2
-0.878 18.218 6.1 2
-0.596 18.11 5.782 2
0.0 18.004 5.13 2
0.304 18.019 4.807 2
0.885 18.153 4.206 2
1.41 18.376 3.689 2
1.664 18.507 3.438 2
2.66 19.089 2.657 2
2.921 19.226 2.516 2
2.921 19.226 2.516 2
3.409 19.491 2.308 2
3.634 19.597 2.274 2
3.993 19.75 2.351 2
4.151 19.803 2.449 2
4.371 19.836 2.755 2
4.51 19.822 3.141 2
4.551 19.791 3.356 2
4.563 19.582 4.336 2
4.537 19.532 4.573 2
4.537 19.532 4.573 2
4.429 19.465 5.02 2
4.333 19.422 5.229 2
4.084 19.314 5.607 2
3.914 19.252 5.758 2
3.553 19.099 6.0 2
3.102 18.895 6.198 2
2.873 18.775 6.301 2
1.905 18.332 6.589 2
1.905 18.332 6.589 2
1.671 18.234 6.653 2
1.254 18.146 6.701 2
1.06 18.004 6.737 2
0.672 17.856 6.696 2
0.498 17.794 6.648 2
0.189 17.679 6.522 2
0.071 17.629 6.445 2
-0.086 17.583 6.282 2
-0.136 17.751 5.937 2
-0.136 17.751 5.937 2
-0.095 17.851 5.842 2
-0.033 17.976 5.739 2
0.117 18.27 5.552 2
0.318 18.567 5.418 2
0.452 18.704 5.375 2
0.775 18.986 5.288 2
0.948 19.132 5.26 2
1.312 19.412 5.212 2
1.867 19.817 5.221 2
1.968 19.891 5.243 2
1.968 19.891 5.243 2
2.066 19.977 5.272 2
2.255 20.131 5.332 2
2.468 20.272 5.399 2
2.566 20.341 5.425 2
2.739 20.454 5.468 2
2.81 20.494 5.494 2
2.88 20.59 5.537 2
2.875 20.66 5.655 2
2.875 20.66 5.655 2
2.827 20.641 5.688 2
2.772 20.612 5.719 2
2.638 20.538 5.801 2
2.485 20.435 5.904 2
2.415 20.372 5.952 2
2.264 20.236 6.076 2
2.195 20.164 6.158 2
2.056 20.004 6.375 2
1.687 19.616 6.883 2
1.687 19.616 6.883 2
1.582 19.503 6.969 2
1.494 19.386 7.031 2
1.331 19.149 7.11 2
1.177 18.924 7.175 2
1.127 18.826 7.211 2
1.053 18.656 7.266 2
1.029 18.562 7.295 2
1.022 18.404 7.35 2
1.072 18.129 7.324 2
1.072 18.129 7.324 2
1.113 18.076 7.29 2
1.158 18.045 7.261 2
1.297 17.995 7.209 2
1.46 17.913 7.106 2
1.52 17.849 7.043 2
1.654 17.741 6.905 2
1.731 17.691 6.842 2
1.85 17.578 6.718 2
1.893 17.202 6.411 2
1.893 17.202 6.411 2
1.884 17.09 6.332 2
1.869 16.994 6.268 2
1.841 16.824 6.138 2
1.814 16.647 5.949 2
1.802 16.549 5.83 2
1.788 16.46 5.715 2
1.735 16.297 5.461 2
1.697 16.12 5.188 2
1.668 15.835 4.697 2
1.668 15.835 4.697 2
1.668 15.835 4.697 2
1.707 15.68 4.491 2
1.743 15.514 4.364 2
1.723 15.342 4.314 2
1.695 15.234 4.302 2
1.659 15.119 4.285 2
1.587 14.878 4.213 2
1.517 14.64 4.11 2
1.438 14.159 3.792 2
1.438 14.159 3.792 2
1.438 14.159 3.792 2
1.429 13.937 3.586 2
1.395 13.723 3.366 2
1.352 13.52 3.162 2
1.338 13.424 3.057 2
1.321 13.324 2.956 2
1.28 13.118 2.753 2
1.24 13.024 2.54 2
1.192 12.634 2.145 2
1.192 12.634 2.145 2
1.192 12.634 2.145 2
1.146 12.493 1.941 2
1.11 12.423 1.838 2
1.118 12.244 1.582 2
1.12 12.201 1.515 2
1.12 12.162 1.462 2
1.13 12.115 1.359 2
1.137 12.091 1.321 2
1.206 12.064 1.228 2
1.206 12.064 1.228 2
1.206 12.064 1.228 2
1.24 12.098 1.228 2
1.249 12.11 1.23 2
1.256 12.117 1.271 2
1.245 12.122 1.283 2
1.223 12.138 1.3 2
1.142 12.165 1.324 2
1.089 12.184 1.328 2
0.79 12.261 1.276 2
0.79 12.261 1.276 2
0.79 12.261 1.276 2
0.675 12.347 1.225 2
0.629 12.411 1.197 2
0.529 12.546 1.063 2
0.529 12.615 1.063 2
0.462 12.783 0.996 2
0.375 12.974 0.94 2
0.332 13.075 0.912 2
0.196 13.463 0.83 2
0.172 13.553 0.806 2
0.172 13.553 0.806 2
0.131 13.738 0.782 2
0.126 13.822 0.775 2
0.141 13.965 0.775 2
0.146 14.032 0.785 2
0.172 14.133 0.837 2
0.21 14.229 0.919 2
0.268 14.272 0.964 2
0.478 14.413 1.17 2
0.524 14.439 1.233 2
0.524 14.439 1.233 2
0.624 14.49 1.357 2
0.665 14.514 1.41 2
0.754 14.542 1.505 2
0.799 14.554 1.541 2
0.864 14.583 1.608 2
0.931 14.585 1.642 2
0.945 14.561 1.64 2
0.979 14.432 1.625 2
0.986 14.389 1.611 2
0.986 14.389 1.611 2
0.948 14.265 1.544 2
0.933 14.205 1.498 2
0.907 14.066 1.441 2
0.902 13.994 1.415 2
0.893 13.829 1.347 2
0.859 13.652 1.285 2
0.835 13.551 1.252 2
0.737 13.048 1.211 2
0.737 13.048 1.211 2
0.708 12.905 1.213 2
0.646 12.759 1.189 2
0.61 12.505 1.175 2
0.581 12.222 1.154 2
0.565 12.081 1.127 2
0.545 11.822 1.051 2
0.538 11.698 1.017 2
0.543 11.468 0.967 2
0.507 11.008 0.926 2
0.476 10.891 0.924 2
0.476 10.891 0.924 2
0.447 10.769 0.924 2
0.371 10.496 0.948 2
0.272 10.17 1.017 2
0.225 9.988 1.046 2
0.131 9.613 1.051 2
0.086 9.426 1.039 2
-0.033 9.057 0.955 2
-0.318 8.408 0.701 2
-0.397 8.408 0.701 2
-0.397 8.274 0.622 2
-0.495 8.157 0.538 2
-0.672 7.932 0.395 2
-0.809 7.69 0.28 2
-0.864 7.577 0.253 2
-0.921 7.362 0.208 2
-0.955 7.271 0.203 2
-0.974 7.101 0.234 2
-0.9 6.804 0.342 2
-0.9 6.804 0.342 2
-0.869 6.732 0.39 2
-0.821 6.663 0.44 2
-0.718 6.562 0.524 2
-0.608 6.488 0.581 2
-0.529 6.488 0.605 2
-0.385 6.514 0.641 2
-0.301 6.541 0.651 2
-0.102 6.627 0.651 2
0.32 6.854 0.677 2
0.32 6.854 0.677 2
0.395 6.921 0.699 2
0.45 6.988 0.708 2
0.581 7.118 0.715 2
0.782 7.18 0.711 2
0.878 7.204 0.72 2
1.041 7.228 0.735 2
1.11 7.237 0.732 2
1.223 7.233 0.718 2
1.429 7.216 0.735 2
1.429 7.216 0.735 2
1.448 7.178 0.735 2
1.45 7.132 0.742 2
1.417 7.067 0.787 2
1.352 6.981 0.859 2
1.3 6.95 0.902 2
1.168 6.864 1.003 2
1.091 6.828 1.063 2
0.897 6.787 1.17 2
1.01 6.62 1.194 2
1.01 6.62 1.194 2
1.12 6.562 1.218 2
1.072 6.522 1.292 2
0.675 6.502 1.391 2
0.11 6.517 1.467 2
-0.198 6.531 1.505 2
-0.495 6.533 1.532 2
-1.058 6.543 1.501 2
-1.537 6.5 1.376 2
-1.776 6.306 0.936 2
-1.776 6.306 0.936 2
-1.939 6.306 0.936 2
-2.054 6.081 0.837 2
-2.097 5.846 0.687 2
-2.008 5.573 0.711 2
-1.896 5.432 0.72 2
-1.721 5.272 0.73 2
-1.541 5.032 0.773 2
-1.312 4.778 0.804 2
-0.909 4.326 1.01 2
-0.909 4.326 1.01 2
-0.909 4.326 1.01 2
-0.84 4.139 1.094 2
-0.696 3.919 1.259 2
-0.677 3.782 1.395 2
-0.629 3.703 1.458 2
-0.529 3.591 1.532 2
-0.332 3.363 1.668 2
-0.21 3.217 1.836 2
0.169 2.973 2.188 2
0.169 2.973 2.188 2
0.169 2.973 2.188 2
0.428 2.853 2.396 2
0.567 2.803 2.492 2
0.536 2.628 2.674 2
0.464 2.578 2.688 2
0.373 2.535 2.674 2
0.184 2.482 2.559 2
0.095 2.446 2.475 2
-0.146 2.276 2.348 2
-0.146 2.276 2.348 2
-0.146 2.276 2.348 2
-0.208 2.219 2.334 2
-0.246 2.183 2.305 2
-0.301 2.106 2.183 2
-0.308 2.073 2.116 2
-0.33 2.071 2.027 2
-0.579 2.09 1.776 2
-0.732 2.102 1.728 2
-1.075 2.071 1.656 2
-1.075 2.071 1.656 2
-1.075 2.071 1.656 2
-1.161 1.975 1.503 2
-1.259 1.927 1.419 2
-1.472 1.81 1.173 2
-1.51 1.719 1.103 2
-1.539 1.68 1.039 2
-1.549 1.654 0.936 2
-1.544 1.647 0.897 2
-1.458 1.675 0.787 2
-1.424 1.695 0.763 2
-1.424 1.695 0.763 2
-1.307 1.704 0.744 2
-1.261 1.723 0.761 2
-1.089 1.786 0.84 2
-1.024 1.786 0.84 2
-0.936 1.857 0.933 2
-0.739 1.939 1.065 2
-0.639 1.996 1.142 2
-0.203 2.276 1.498 2
-0.069 2.346 1.613 2
-0.069 2.346 1.613 2
0.193 2.492 1.85 2
0.332 2.561 1.984 2
0.627 2.681 2.272 2
0.79 2.751 2.406 2
1.115 2.899 2.655 2
1.446 3.088 2.937 2
1.611 3.201 3.074 2
2.516 3.811 3.481 2
2.516 3.811 3.481 2
2.516 3.811 3.481 2
2.846 4.077 3.6 2
3.009 4.218 3.677 2
3.306 4.477 3.833 2
3.402 4.577 3.857 2
3.476 4.702 3.691 2
3.481 4.855 3.399 2
3.471 4.948 3.373 2
3.323 5.324 3.469 2
3.323 5.324 3.469 2
3.196 5.408 3.713 2
3.067 5.482 4.084 2
3.038 5.631 3.979 2
2.789 5.763 3.282 2
2.674 5.868 2.791 2
2.48 6.067 1.96 2
2.442 6.124 1.802 2
2.334 6.268 2.355 2
1.972 6.797 4.345 2
1.972 6.797 4.345 2
1.936 6.955 4.427 2
1.932 7.094 4.292 2
1.913 7.35 3.713 2
1.877 7.558 3.208 2
1.865 7.64 3.088 2
1.836 7.79 3.124 2
1.826 7.867 3.215 2
1.738 8.047 3.399 2
1.508 8.432 3.289 2
1.46 8.554 3.215 2
1.46 8.554 3.215 2
1.4 8.693 3.153 2
1.252 8.976 3.172 2
1.106 9.28 3.332 2
1.048 9.435 3.459 2
0.938 9.739 3.677 2
0.895 9.876 3.727 2
0.799 10.17 3.727 2
0.696 10.649 3.493 2
0.696 10.649 3.493 2
0.703 10.75 3.438 2
0.708 10.836 3.407 2
0.713 10.96 3.38 2
0.689 11.049 3.294 2
0.672 11.092 3.217 2
0.627 11.128 3.062 2
0.615 11.135 2.973 2
0.612 11.145 2.784 2
0.6 11.08 2.564 2
0.6 11.08 2.564 2
0.627 11.051 2.571 2
0.651 11.016 2.576 2
0.629 10.992 2.578 2
0.612 10.963 2.731 2
0.588 10.932 2.803 2
0.509 10.886 3.028 2
0.488 10.843 3.229 2
0.469 10.759 3.737 2
0.483 10.654 5.293 2
0.488 10.625 5.645 2
0.488 10.625 5.645 2
0.495 10.594 5.971 2
0.548 10.525 6.565 2
0.632 10.407 6.95 2
0.694 10.345 7.008 2
0.826 10.218 6.948 2
0.895 10.13 6.835 2
1.012 9.957 6.517 2
1.343 9.56 5.901 2
1.343 9.56 5.901 2
1.431 9.454 5.796 2
1.491 9.352 5.712 2
1.628 9.165 5.652 2
1.733 8.966 5.703 2
1.769 8.873 5.729 2
1.865 8.782 5.741 2
1.901 8.612 5.772 2
1.901 8.425 5.825 2
1.913 7.972 5.595 2
1.913 7.972 5.595 2
1.913 7.972 5.595 2
1.901 7.795 5.312 2
1.836 7.604 5.099 2
1.824 7.429 4.92 2
1.802 7.343 4.831 2
1.771 7.252 4.771 2
1.647 7.075 4.853 2
1.458 6.912 5.217 2
0.837 6.493 7.225 2
0.837 6.493 7.225 2
0.837 6.493 7.225 2
0.5 6.251 8.523 2
0.239 6.028 9.682 2
0.055 5.803 10.513 2
0.007 5.712 10.7 2
-0.019 5.628 10.697 2
-0.031 5.458 10.166 2
0.009 5.296 9.095 2
0.102 5.039 6.787 2
0.102 5.039 6.787 2
0.102 5.039 6.787 2
0.141 4.936 6.062 2
0.186 4.896 5.648 2
0.234 4.831 5.451 2
0.272 4.834 5.413 2
0.306 4.838 5.387 2
0.344 4.893 5.401 2
0.339 4.934 5.396 2
0.177 5.32 5.353 2
0.177 5.32 5.353 2
0.177 5.32 5.353 2
0.074 5.511 5.262 2
0.016 5.624 5.2 2
-0.198 6.0 4.941 2
-0.294 6.112 4.865 2
-0.385 6.229 4.829 2
-0.557 6.517 4.865 2
-0.644 6.641 4.886 2
-0.854 7.304 4.685 2
-0.854 7.304 4.685 2
-0.854 7.304 4.685 2
-0.857 7.568 4.431 2
-0.859 7.688 4.278 2
-0.768 8.016 3.845 2
-0.713 8.126 3.727 2
-0.651 8.229 3.636 2
-0.536 8.377 3.572 2
-0.483 8.449 3.593 2
-0.325 8.614 3.715 2
-0.284 8.619 3.727 2
-0.284 8.619 3.727 2
-0.225 8.631 3.744 2
-0.169 8.645 3.735 2
-0.045 8.626 3.775 2
0.074 8.628 3.821 2
0.138 8.573 3.929 2
0.339 8.533 4.051 2
0.462 8.526 4.118 2
0.912 8.458 4.319 2
0.912 8.458 4.319 2
0.912 8.458 4.319 2
1.115 8.432 4.412 2
1.264 8.437 4.455 2
1.561 8.437 4.553 2
1.697 8.442 4.592 2
1.927 8.451 4.668 2
2.114 8.458 4.697 2
2.202 8.482 4.719 2
2.382 8.542 4.822 2
2.382 8.542 4.822 2
2.382 8.542 4.822 2
2.346 8.605 4.86 2
2.341 8.655 4.862 2
2.32 8.717 4.862 2
2.305 8.724 4.848 2
2.288 8.777 4.836 2
2.217 8.798 4.855 2
2.193 8.818 4.867 2
2.075 8.858 4.889 2
2.075 8.858 4.881 2
2.075 8.868 4.881 2
2.03 8.868 4.869 2
2.013 8.873 4.872 2
2.042 8.877 4.857 2
2.051 8.875 4.85 2
2.068 8.894 4.862 2
2.075 8.901 4.872 2
2.135 8.935 4.905 2
2.293 9.057 5.054 2
2.293 9.057 5.054 2
2.343 9.1 5.087 2
2.391 9.134 5.123 2
2.492 9.22 5.207 2
2.573 9.296 5.284 2
2.609 9.325 5.327 2
2.64 9.347 5.403 2
2.643 9.347 5.435 2
2.619 9.32 5.451 2
2.408 9.184 5.435 2
2.329 9.131 5.425 2
2.329 9.131 5.425 2
2.243 9.069 5.415 2
2.073 8.937 5.411 2
1.915 8.832 5.42 2
1.836 8.767 5.427 2
1.659 8.645 5.43 2
1.561 8.585 5.449 2
1.386 8.466 5.451 2
1.007 8.241 5.413 2
1.007 8.241 5.413 2
0.912 8.2 5.401 2
0.814 8.164 5.396 2
0.62 8.087 5.37 2
0.471 8.054 5.339 2
0.387 8.032 5.344 2
0.234 7.994 5.365 2
0.172 7.98 5.389 2
0.093 8.008 5.466 2
0.083 8.059 5.593 2
0.083 8.059 5.593 2
0.093 8.075 5.614 2
0.107 8.092 5.648 2
0.129 8.133 5.743 2
0.16 8.183 5.849 2
0.181 8.207 5.911 2
0.208 8.26 6.067 2
0.246 8.286 6.153 2
0.306 8.356 6.32 2
0.442 8.48 6.648 2
0.493 8.509 6.715 2
0.493 8.509 6.715 2
0.541 8.537 6.768 2
0.639 8.581 6.835 2
0.735 8.585 6.873 2
0.77 8.59 6.888 2
0.826 8.559 6.876 2
0.852 8.535 6.857 2
0.864 8.494 6.799 2
0.809 8.348 6.617 2
0.809 8.348 6.617 2
0.763 8.315 6.555 2
0.706 8.281 6.483 2
0.639 8.205 6.301 2
0.61 8.142 6.131 2
0.591 8.116 6.052 2
0.574 8.09 5.976 2
0.567 8.03 5.844 2
0.553 7.972 5.715 2
0.553 7.874 5.463 2
0.553 7.874 5.463 2
0.553 7.874 5.463 2
0.567 7.822 5.355 2
0.553 7.767 5.265 2
0.531 7.711 5.183 2
0.519 7.697 5.135 2
0.519 7.688 5.087 2
0.517 7.688 5.008 2
0.538 7.683 4.893 2
0.569 7.738 4.767 2
0.569 7.738 4.767 2
0.569 7.738 4.767 2
0.588 7.759 4.743 2
0.603 7.81 4.714 2
0.682 7.884 4.687 2
0.725 7.922 4.69 2
0.758 7.958 4.687 2
0.794 8.023 4.723 2
0.814 8.066 4.795 2
0.89 8.169 4.817 2
0.89 8.169 4.817 2
0.89 8.169 4.817 2
0.914 8.214 4.826 2
0.976 8.231 4.783 2
0.979 8.25 4.762 2
0.955 8.241 4.759 2
0.933 8.231 4.757 2
0.921 8.212 4.719 2
0.928 8.195 4.704 2
0.924 8.147 4.563 2
0.924 8.133 4.563 2
0.924 8.133 4.563 2
0.905 8.08 4.532 2
0.893 8.059 4.508 2
0.861 8.008 4.438 2
0.859 7.987 4.419 2
0.864 7.972 4.398 2
0.859 7.951 4.357 2
0.854 7.953 4.34 2
0.909 7.956 4.307 2
0.909 7.956 4.307 2
0.909 7.956 4.307 2
0.964 7.999 4.314 2
0.991 8.02 4.338 2
1.149 8.138 4.424 2
1.201 8.178 4.47 2
1.247 8.219 4.522 2
1.362 8.312 4.62 2
1.412 8.353 4.661 2
1.525 8.523 4.776 2
1.537 8.545 4.8 2
1.537 8.545 4.8 2
1.529 8.573 4.822 2
1.51 8.583 4.831 2
1.503 8.638 4.879 2
1.513 8.638 4.901 2
1.513 8.691 4.929 2
1.505 8.731 5.004 2
1.498 8.741 5.02 2
1.436 8.77 5.078 2
1.443 8.77 5.078 2
1.443 8.777 5.095 2
1.448 8.775 5.123 2
1.443 8.767 5.128 2
1.436 8.77 5.152 2
1.424 8.763 5.162 2
1.405 8.751 5.217 2
1.376 8.71 5.255 2
1.362 8.693 5.274 2
1.213 8.485 5.427 2
1.213 8.485 5.427 2
1.213 8.485 5.427 2
1.154 8.423 5.478 2
1.12 8.399 5.499 2
1.067 8.332 5.521 2
1.034 8.298 5.542 2
1.005 8.26 5.569 2
0.984 8.229 5.578 2
0.979 8.219 5.59 2
0.943 8.205 5.619 2
0.943 8.205 5.619 2
0.94 8.202 5.616 2
0.943 8.207 5.581 2
0.945 8.217 5.569 2
0.909 8.229 5.54 2
0.9 8.231 5.53 2
0.895 8.233 5.516 2
0.869 8.226 5.537 2
0.859 8.217 5.578 2
0.885 8.217 5.588 2
0.893 8.221 5.597 2
0.893 8.221 5.597 2
0.895 8.248 5.597 2
0.919 8.272 5.602 2
0.962 8.291 5.638 2
0.981 8.303 5.655 2
1.024 8.322 5.698 2
1.043 8.336 5.715 2
1.082 8.344 5.712 2
1.146 8.308 5.66 2
1.149 8.305 5.669 2
1.149 8.305 5.669 2
1.168 8.3 5.674 2
1.199 8.308 5.717 2
1.189 8.312 5.782 2
1.187 8.322 5.806 2
1.185 8.353 5.82 2
1.187 8.37 5.832 2
1.17 8.384 5.808 2
1.106 8.425 5.662 2
1.106 8.425 5.662 2
1.089 8.423 5.628 2
1.075 8.415 5.581 2
1.041 8.408 5.473 2
1.017 8.406 5.406 2
1.01 8.399 5.37 2
0.991 8.411 5.312 2
0.993 8.423 5.288 2
1.003 8.415 5.255 2
1.015 8.423 5.185 2
1.015 8.423 5.185 2
1.024 8.425 5.162 2
1.022 8.42 5.135 2
0.964 8.394 5.121 2
0.888 8.358 5.061 2
0.847 8.363 5.025 2
0.821 8.394 4.97 2
0.806 8.391 4.934 2
0.768 8.387 4.826 2
0.612 8.408 4.687 2
0.612 8.408 4.687 2
0.567 8.391 4.676 2
0.517 8.372 4.608 2
0.385 8.384 4.144 2
0.335 8.439 3.658 2
0.38 8.468 3.49 2
0.509 8.549 3.356 2
0.584 8.588 3.395 2
0.739 8.64 3.562 2
1.027 8.638 3.814 2
1.027 8.638 3.814 2
1.094 8.616 3.816 2
1.166 8.6 3.821 2
1.28 8.612 3.869 2
1.362 8.626 3.972 2
1.391 8.628 4.036 2
1.429 8.633 4.17 2
1.429 8.626 4.235 2
1.407 8.616 4.357 2
1.324 8.583 4.664 2
1.324 8.583 4.664 2
1.29 8.583 4.664 2
1.259 8.557 4.834 2
1.189 8.526 4.968 2
1.115 8.518 5.085 2
1.072 8.523 5.121 2
1.036 8.535 5.145 2
0.993 8.566 5.166 2
0.952 8.588 5.171 2
0.912 8.664 5.344 2
0.912 8.664 5.344 2
0.912 8.664 5.344 2
0.895 8.681 5.475 2
0.866 8.722 5.59 2
0.823 8.748 5.674 2
0.802 8.763 5.71 2
0.78 8.779 5.741 2
0.749 8.813 5.779 2
0.727 8.849 5.779 2
0.6 8.83 5.631 2
0.6 8.83 5.631 2
0.6 8.83 5.631 2
0.531 8.789 5.564 2
0.529 8.767 5.504 2
0.565 8.734 5.504 2
0.596 8.727 5.516 2
0.624 8.727 5.535 2
0.67 8.717 5.585 2
0.735 8.719 5.614 2
0.756 8.652 5.741 2
0.756 8.652 5.741 2
0.756 8.652 5.741 2
0.749 8.64 5.758 2
0.763 8.64 5.763 2
0.873 8.693 5.703 2
0.914 8.719 5.676 2
0.955 8.755 5.657 2
1.024 8.784 5.626 2
1.043 8.803 5.612 2
1.151 8.87 5.571 2
1.151 8.87 5.571 2
1.151 8.87 5.571 2
1.197 8.892 5.557 2
1.206 8.894 5.54 2
1.199 8.894 5.504 2
1.187 8.894 5.504 2
1.168 8.882 5.463 2
1.125 8.856 5.427 2
1.106 8.839 5.413 2
0.976 8.772 5.394 2
0.952 8.763 5.389 2
0.952 8.763 5.389 2
0.945 8.734 5.379 2
0.94 8.724 5.37 2
0.938 8.717 5.365 2
0.94 8.724 5.358 2
0.952 8.746 5.336 2
0.972 8.763 5.31 2
0.981 8.77 5.305 2
1.003 8.789 5.286 2
1.012 8.789 5.279 2
1.012 8.784 5.279 2
1.024 8.77 5.25 2
1.024 8.767 5.241 2
1.027 8.755 5.233 2
1.022 8.751 5.231 2
1.017 8.734 5.226 2
0.993 8.717 5.214 2
0.984 8.712 5.217 2
0.876 8.681 5.255 2
0.845 8.679 5.276 2
0.845 8.679 5.276 2
0.761 8.65 5.308 2
0.727 8.628 5.317 2
0.641 8.614 5.336 2
0.588 8.6 5.344 2
0.529 8.588 5.334 2
0.49 8.566 5.336 2
0.476 8.547 5.332 2
0.438 8.509 5.334 2
0.438 8.509 5.334 2
0.438 8.509 5.336 2
0.469 8.492 5.324 2
0.478 8.475 5.315 2
0.49 8.475 5.303 2
0.505 8.463 5.298 2
0.509 8.449 5.31 2
0.495 8.449 5.305 2
0.488 8.432 5.32 2
0.426 8.379 5.296 2
0.426 8.379 5.296 2
0.411 8.37 5.286 2
0.387 8.37 5.272 2
0.33 8.353 5.245 2
0.244 8.315 5.236 2
0.22 8.291 5.233 2
0.179 8.248 5.248 2
0.143 8.236 5.267 2
0.076 8.186 5.291 2
0.052 8.138 5.257 2
0.059 8.133 5.233 2
0.059 8.133 5.233 2
0.076 8.135 5.209 2
0.117 8.126 5.159 2
0.155 8.14 5.097 2
0.169 8.152 5.078 2
0.198 8.159 5.027 2
0.213 8.183 5.006 2
0.253 8.214 4.958 2
0.337 8.281 4.917 2
0.337 8.281 4.917 2
0.351 8.296 4.908 2
0.361 8.303 4.901 2
0.361 8.334 4.893 2
0.387 8.341 4.881 2
0.399 8.341 4.874 2
0.428 8.356 4.879 2
0.445 8.36 4.869 2
0.488 8.358 4.879 2
0.56 8.367 4.91 2
0.56 8.367 4.91 2
0.569 8.375 4.932 2
0.586 8.37 4.951 2
0.615 8.36 4.989 2
0.636 8.348 5.018 2
0.646 8.358 5.03 2
0.644 8.363 5.035 2
0.66 8.36 5.037 2
0.689 8.358 5.042 2
0.696 8.346 5.039 2
0.682 8.344 5.03 2
0.682 8.344 5.03 2
0.679 8.346 5.025 2
0.665 8.36 5.056 2
0.651 8.344 5.092 2
0.648 8.329 5.099 2
0.644 8.298 5.133 2
0.634 8.296 5.152 2
0.636 8.274 5.19 2
0.648 8.243 5.308 2
0.648 8.243 5.308 2
0.656 8.248 5.336 2
0.665 8.255 5.367 2
0.706 8.243 5.425 2
0.708 8.245 5.482 2
0.715 8.257 5.509 2
0.749 8.269 5.559 2
0.754 8.281 5.571 2
0.778 8.32 5.588 2
0.775 8.31 5.619 2
0.775 8.31 5.619 2
0.766 8.31 5.612 2
0.754 8.322 5.602 2
0.737 8.317 5.578 2
0.708 8.315 5.561 2
0.682 8.322 5.552 2
0.656 8.327 5.525 2
0.612 8.356 5.499 2
0.584 8.353 5.468 2
0.526 8.365 5.475 2
0.526 8.365 5.475 2
0.526 8.365 5.475 2
0.521 8.372 5.475 2
0.512 8.382 5.482 2
0.507 8.367 5.497 2
0.502 8.365 5.492 2
0.488 8.356 5.49 2
0.481 8.351 5.485 2
0.481 8.348 5.478 2
0.447 8.339 5.432 2
0.447 8.339 5.432 2
0.447 8.339 5.432 2
0.45 8.334 5.384 2
0.433 8.332 5.329 2
0.423 8.332 5.274 2
0.411 8.334 5.248 2
0.409 8.336 5.226 2
0.421 8.353 5.183 2
0.418 8.348 5.157 2
0.418 8.365 5.104 2
0.418 8.365 5.104 2
0.418 8.365 5.104 2
0.433 8.377 5.109 2
0.45 8.387 5.109 2
0.478 8.408 5.111 2
0.469 8.406 5.106 2
0.459 8.403 5.109 2
0.457 8.418 5.121 2
0.457 8.413 5.14 2
0.462 8.401 5.174 2
0.462 8.401 5.174 2
0.462 8.401 5.174 2
0.466 8.415 5.19 2
0.466 8.415 5.202 2
0.464 8.394 5.229 2
0.466 8.391 5.238 2
0.481 8.396 5.243 2
0.476 8.401 5.267 2
0.486 8.406 5.284 2
0.512 8.394 5.322 2
0.521 8.399 5.332 2
0.521 8.399 5.332 2
0.55 8.399 5.341 2
0.555 8.401 5.344 2
0.572 8.425 5.351 2
0.586 8.437 5.344 2
0.593 8.447 5.348 2
0.596 8.423 5.358 2
0.6 8.42 5.363 2
0.615 8.461 5.382 2
0.615 8.461 5.382 2
0.615 8.461 5.382 2
0.612 8.447 5.384 2
0.615 8.451 5.394 2
0.639 8.47 5.43 2
0.653 8.468 5.432 2
0.648 8.478 5.458 2
0.66 8.49 5.458 2
0.656 8.485 5.456 2
0.634 8.482 5.42 2
0.634 8.49 5.411 2
0.634 8.49 5.411 2
0.612 8.518 5.382 2
0.608 8.528 5.363 2
0.581 8.521 5.346 2
0.581 8.514 5.346 2
0.586 8.523 5.327 2
0.572 8.542 5.322 2
0.56 8.542 5.308 2
0.529 8.526 5.195 2
0.529 8.526 5.195 2
0.502 8.516 5.166 2
0.464 8.506 5.116 2
0.452 8.499 5.083 2
0.418 8.482 5.03 2
0.392 8.48 5.011 2
0.332 8.458 4.98 2
0.308 8.454 4.958 2
0.301 8.444 4.96 2
0.275 8.403 4.989 2
0.275 8.403 4.989 2
0.27 8.399 4.994 2
0.282 8.403 4.999 2
0.311 8.406 5.023 2
0.33 8.391 5.016 2
0.356 8.384 5.02 2
0.407 8.401 5.027 2
0.442 8.411 5.03 2
0.471 8.413 5.032 2
0.562 8.42 5.054 2
0.581 8.423 5.063 2
0.581 8.423 5.063 2
0.608 8.423 5.068 2
0.682 8.435 5.097 2
0.727 8.451 5.128 2
0.749 8.466 5.138 2
0.77 8.492 5.162 2
0.778 8.497 5.181 2
0.811 8.514 5.209 2
0.861 8.528 5.257 2
0.861 8.528 5.257 2
0.866 8.523 5.272 2
0.878 8.521 5.272 2
0.897 8.502 5.274 2
0.924 8.499 5.274 2
0.933 8.499 5.269 2
0.957 8.487 5.262 2
0.952 8.475 5.253 2
0.967 8.444 5.221 2
0.955 8.449 5.195 2
0.955 8.449 5.195 2
0.945 8.454 5.188 2
0.936 8.449 5.183 2
0.933 8.468 5.171 2
0.919 8.473 5.181 2
0.912 8.48 5.183 2
0.888 8.48 5.185 2
0.861 8.487 5.188 2
0.83 8.492 5.2 2
0.77 8.511 5.193 2
0.77 8.511 5.193 2
0.747 8.516 5.171 2
0.72 8.523 5.154 2
0.677 8.523 5.138 2
0.644 8.53 5.087 2
0.617 8.537 5.068 2
0.574 8.533 5.044 2
0.56 8.523 5.035 2
0.509 8.526 5.02 2
0.416 8.497 4.975 2
0.416 8.497 4.975 2
0.399 8.48 4.965 2
0.395 8.463 4.958 2
0.375 8.478 4.941 2
0.359 8.456 4.922 2
0.349 8.447 4.898 2
0.337 8.435 4.865 2
0.33 8.427 4.855 2
0.328 8.432 4.853 2
0.378 8.437 4.889 2
0.378 8.437 4.889 2
0.39 8.437 4.893 2
0.402 8.444 4.901 2
0.428 8.461 4.92 2
0.49 8.487 4.932 2
0.512 8.497 4.939 2
0.531 8.485 4.946 2
0.581 8.485 4.975 2
0.6 8.485 4.994 2
0.672 8.497 5.044 2
0.672 8.497 5.044 2
0.672 8.497 5.044 2
0.711 8.497 5.073 2
0.747 8.487 5.092 2
0.763 8.48 5.121 2
0.766 8.48 5.128 2
0.77 8.475 5.138 2
0.778 8.475 5.157 2
0.799 8.47 5.152 2
0.794 8.49 5.19 2
0.794 8.49 5.19 2
0.794 8.49 5.19 2
0.802 8.475 5.197 2
0.818 8.473 5.2 2
0.816 8.49 5.202 2
0.809 8.492 5.207 2
0.792 8.492 5.202 2
0.787 8.478 5.195 2
0.79 8.473 5.19 2
0.763 8.468 5.171 2
0.763 8.468 5.171 2
0.763 8.468 5.171 2
0.758 8.466 5.174 2
0.751 8.456 5.166 2
0.727 8.497 5.166 2
0.723 8.497 5.171 2
0.715 8.487 5.178 2
0.732 8.497 5.174 2
0.727 8.497 5.169 2
0.715 8.542 5.205 2
0.715 8.542 5.205 2
0.715 8.542 5.205 2
0.739 8.554 5.212 2
0.749 8.554 5.212 2
0.756 8.573 5.212 2
0.754 8.573 5.209 2
0.754 8.578 5.209 2
0.763 8.588 5.209 2
0.768 8.588 5.209 2
0.78 8.552 5.171 2
0.785 8.549 5.152 2
0.785 8.549 5.152 2
0.787 8.549 5.128 2
0.802 8.545 5.111 2
0.797 8.547 5.09 2
0.79 8.549 5.056 2
0.787 8.549 5.044 2
0.78 8.557 5.004 2
0.775 8.552 4.987 2
0.735 8.547 4.96 2
0.703 8.547 4.953 2
0.703 8.523 4.953 2
0.665 8.502 4.956 2
0.653 8.504 4.963 2
0.675 8.526 4.98 2
0.67 8.53 4.98 2
0.677 8.54 4.965 2
0.677 8.552 4.972 2
0.677 8.561 4.975 2
0.718 8.576 5.018 2
0.718 8.573 5.027 2
0.718 8.573 5.027 2
0.754 8.585 5.051 2
0.761 8.593 5.068 2
0.77 8.581 5.071 2
0.768 8.573 5.073 2
0.749 8.585 5.085 2
0.725 8.597 5.073 2
0.723 8.609 5.066 2
0.701 8.583 5.035 2
0.663 8.583 5.03 2
0.663 8.576 5.03 2
0.624 8.566 5.037 2
0.62 8.573 5.032 2
0.598 8.616 5.001 2
0.593 8.616 4.984 2
0.557 8.6 4.948 2
0.531 8.597 4.915 2
0.533 8.585 4.903 2
0.567 8.583 4.901 2
0.577 8.585 4.901 2
0.577 8.585 4.901 2
0.593 8.59 4.901 2
0.608 8.59 4.927 2
0.61 8.585 4.903 2
0.608 8.597 4.752 2
0.682 8.643 4.278 2
0.754 8.686 4.063 2
0.936 8.798 3.754 2
1.271 8.925 3.83 2
1.343 8.933 3.926 2
1.343 8.933 3.926 2
1.4 8.937 4.01 2
1.501 8.93 4.142 2
1.553 8.928 4.209 2
1.565 8.918 4.245 2
1.577 8.906 4.307 2
1.582 8.885 4.345 2
1.563 8.861 4.436 2
1.436 8.782 4.63 2
1.436 8.782 4.63 2
1.4 8.753 4.676 2
1.359 8.722 4.723 2
1.271 8.657 4.829 2
1.151 8.6 4.956 2
1.084 8.571 5.027 2
0.95 8.506 5.185 2
0.888 8.48 5.257 2
0.785 8.437 5.358 2
0.708 8.382 5.48 2
0.708 8.382 5.48 2
0.701 8.394 5.497 2
0.696 8.408 5.506 2
0.73 8.447 5.511 2
0.78 8.494 5.499 2
0.811 8.504 5.482 2
0.876 8.535 5.451 2
0.912 8.552 5.437 2
0.955 8.557 5.389 2
0.924 8.561 5.236 2
0.924 8.561 5.236 2
0.907 8.561 5.2 2
0.895 8.569 5.169 2
0.873 8.576 5.095 2
0.852 8.564 5.039 2
0.835 8.552 5.016 2
0.811 8.545 4.96 2
0.809 8.535 4.932 2
0.821 8.528 4.879 2
0.873 8.518 4.767 2
0.873 8.518 4.767 2
0.893 8.521 4.755 2
0.931 8.518 4.74 2
0.986 8.521 4.692 2
1.034 8.54 4.68 2
1.058 8.554 4.678 2
1.082 8.573 4.673 2
1.106 8.581 4.666 2
1.137 8.607 4.666 2
1.149 8.626 4.676 2
1.149 8.626 4.676 2
1.154 8.626 4.678 2
1.149 8.648 4.687 2
1.151 8.674 4.711 2
1.163 8.705 4.719 2
1.175 8.715 4.726 2
1.192 8.719 4.735 2
1.235 8.739 4.728 2
1.237 8.734 4.733 2
1.285 8.724 4.755 2
1.285 8.724 4.755 2
1.285 8.724 4.755 2
1.29 8.717 4.783 2
1.264 8.71 4.807 2
1.249 8.696 4.831 2
1.24 8.696 4.85 2
1.223 8.679 4.865 2
1.197 8.667 4.889 2
1.17 8.648 4.927 2
1.132 8.602 4.963 2
1.132 8.602 4.963 2
1.132 8.602 4.963 2
1.096 8.593 4.965 2
1.075 8.593 4.968 2
1.053 8.566 4.963 2
1.051 8.557 4.963 2
1.053 8.552 4.968 2
1.019 8.535 4.98 2
0.998 8.528 4.992 2
0.957 8.526 5.016 2
0.957 8.526 5.016 2
0.957 8.526 5.016 2
0.945 8.516 5.018 2
0.924 8.528 5.023 2
0.871 8.526 5.027 2
0.854 8.528 5.025 2
0.835 8.53 5.035 2
0.821 8.521 5.054 2
0.811 8.516 5.061 2
0.811 8.535 5.08 2
0.811 8.535 5.08 2
0.811 8.535 5.08 2
0.835 8.533 5.073 2
0.842 8.545 5.078 2
0.828 8.545 5.056 2
0.847 8.545 5.049 2
0.859 8.54 5.047 2
0.857 8.545 5.03 2
0.854 8.547 5.025 2
0.873 8.545 4.989 2
0.866 8.537 4.982 2
0.866 8.537 4.982 2
0.847 8.535 4.958 2
0.84 8.518 4.944 2
0.79 8.506 4.891 2
0.778 8.48 4.877 2
0.754 8.475 4.86 2
0.725 8.458 4.824 2
0.711 8.454 4.8 2
0.617 8.425 4.735 2
0.596 8.413 4.721 2
0.596 8.413 4.721 2
0.56 8.418 4.699 2
0.55 8.408 4.683 2
0.536 8.403 4.697 2
0.533 8.403 4.709 2
0.562 8.425 4.721 2
0.579 8.435 4.757 2
0.593 8.447 4.783 2
0.706 8.475 4.927 2
0.706 8.492 4.927 2
0.706 8.492 4.927 2
0.751 8.506 4.965 2
0.775 8.504 4.999 2
0.809 8.526 5.061 2
0.809 8.535 5.083 2
0.823 8.53 5.106 2
0.823 8.54 5.116 2
0.849 8.506 5.104 2
0.787 8.43 4.994 2
0.787 8.43 4.994 2
0.699 8.458 4.975 2
0.56 8.506 4.922 2
0.512 8.523 4.884 2
0.457 8.542 4.841 2
0.43 8.552 4.836 2
0.375 8.557 4.843 2
0.356 8.547 4.879 2
0.342 8.547 4.901 2
0.263 8.475 5.039 2
0.263 8.475 5.039 2
0.241 8.461 5.073 2
0.196 8.451 5.102 2
0.172 8.415 5.14 2
0.102 8.377 5.171 2
0.081 8.358 5.174 2
0.05 8.351 5.164 2
0.026 8.341 5.183 2
-0.028 8.308 5.209 2

# Completed @Wed Oct 14 10:13:31 GMT+02:00 2020
