# Accelerometer Data File
# Started @Wed Oct 14 10:14:43 GMT+02:00 2020
#
#
# sensor Vendor: STM
# sensor Name: LSM6DSO Acceleration Sensor
# sensor Resolution: 0.0023942017m/sec^2; Max Range: 78.4532; Min Delay: 2000 microseconds
# The sensor's attributes are the result hardware and the Android capabilities.
# It means that the Android may not utilize all features provided by the hardware.
#
# Some devices and Android versions save battery too much so the device may go to sleep.
# It just happens after couple of minutes from turning off the scree and it is easy to find it out.
#
# The following file provides the data from accelerometer in the m/s^2 format.
# The diff value is just a time delta between the samples
#
#
# data format:
# so we have 4 columns with values separated by the " "
# X Y Z time_from_previous_sample(ms)

# sensor speed set to:FASTEST
# units set to: m/sec^2
# gravity NOT filtered out
# Accuracy: HIGH
0.301 9.562 3.059 0
0.306 9.572 3.086 1
0.306 9.572 3.086 2
0.299 9.574 3.086 2
0.296 9.569 3.083 2
0.306 9.565 3.067 2
0.308 9.557 3.057 2
0.332 9.577 3.019 2
0.342 9.584 2.992 2
0.344 9.577 2.983 2
0.368 9.581 2.966 2
0.368 9.572 2.959 2
0.383 9.581 2.954 2
0.395 9.584 2.954 2
0.399 9.581 2.956 2
0.407 9.577 2.952 3
0.404 9.586 2.956 2
0.407 9.591 2.959 2
0.423 9.601 2.961 2
0.428 9.591 2.961 2
0.43 9.572 2.944 2
0.411 9.545 2.923 2
0.411 9.545 2.923 2
0.411 9.538 2.909 1
0.416 9.529 2.877 2
0.433 9.517 2.856 2
0.426 9.51 2.851 2
0.407 9.514 2.849 2
0.409 9.51 2.832 2
0.411 9.502 2.822 2
0.411 9.505 2.806 2
0.402 9.483 2.784 2
0.402 9.483 2.784 2
0.407 9.478 2.767 2
0.402 9.483 2.758 2
0.387 9.483 2.739 2
0.385 9.476 2.739 2
0.38 9.464 2.734 2
0.378 9.462 2.731 2
0.347 9.459 2.741 2
0.366 9.466 2.751 2
0.378 9.505 2.748 2
0.385 9.507 2.741 2
0.385 9.507 2.741 2
0.383 9.505 2.751 2
0.375 9.502 2.76 2
0.368 9.5 2.767 2
0.366 9.493 2.786 2
0.375 9.483 2.798 2
0.363 9.483 2.837 2
0.361 9.476 2.861 2
0.368 9.498 2.909 2
0.368 9.498 2.909 2
0.359 9.502 2.923 2
0.349 9.493 2.949 2
0.328 9.507 2.985 2
0.323 9.507 3.0 2
0.323 9.5 3.023 2
0.318 9.498 3.038 2
0.335 9.514 3.05 2
0.339 9.51 3.04 2
0.337 9.5 3.009 2
0.337 9.5 3.009 2
0.339 9.5 2.99 2
0.368 9.51 2.949 2
0.375 9.522 2.932 2
0.392 9.524 2.899 2
0.395 9.536 2.865 2
0.397 9.538 2.858 2
0.39 9.538 2.832 2
0.383 9.541 2.827 2
0.351 9.605 2.803 2
0.351 9.605 2.803 2
0.342 9.62 2.806 2
0.339 9.636 2.801 2
0.342 9.646 2.794 2
0.325 9.646 2.782 2
0.323 9.653 2.782 2
0.311 9.656 2.791 2
0.301 9.658 2.815 2
0.292 9.663 2.834 2
0.263 9.658 2.897 2
0.263 9.658 2.897 2
0.27 9.658 2.918 2
0.265 9.636 2.956 2
0.26 9.629 2.961 2
0.27 9.632 2.966 2
0.28 9.624 2.99 2
0.287 9.615 3.007 2
0.27 9.596 2.995 2
0.268 9.591 2.997 2
0.284 9.577 3.023 2
0.284 9.577 3.023 2
0.277 9.574 3.014 3
0.282 9.557 2.988 2
0.28 9.56 2.973 2
0.292 9.557 2.966 2
0.292 9.562 2.978 2
0.296 9.569 2.98 2
0.28 9.572 3.007 2
0.272 9.577 3.026 2
0.227 9.591 3.086 1
0.227 9.591 3.086 2
0.225 9.591 3.098 2
0.205 9.601 3.098 2
0.196 9.605 3.093 2
0.169 9.598 3.079 2
0.162 9.596 3.079 2
0.146 9.605 3.033 2
0.143 9.62 3.004 2
0.138 9.613 2.997 2
0.119 9.634 3.04 2
0.119 9.634 3.04 2
0.112 9.629 3.04 2
0.11 9.644 3.076 2
0.112 9.663 3.102 2
0.158 9.665 3.141 2
0.181 9.665 3.158 2
0.205 9.687 3.184 2
0.253 9.703 3.213 2
0.289 9.711 3.22 2
0.294 9.694 3.227 2
0.294 9.694 3.227 2
0.268 9.675 3.225 2
0.237 9.653 3.227 2
0.229 9.641 3.225 2
0.232 9.632 3.208 2
0.222 9.624 3.191 2
0.239 9.62 3.158 2
0.356 9.677 3.107 2
0.38 9.689 3.074 2
0.306 9.634 2.956 2
0.306 9.634 2.956 2
0.265 9.629 2.959 2
0.208 9.61 2.952 2
0.189 9.577 2.959 2
0.153 9.56 2.959 2
0.146 9.562 2.952 2
0.169 9.569 2.909 2
0.222 9.589 2.88 2
0.256 9.613 2.803 2
0.354 9.656 2.669 2
0.354 9.656 2.669 2
0.363 9.658 2.64 2
0.361 9.651 2.602 2
0.383 9.646 2.549 2
0.409 9.66 2.533 2
0.414 9.66 2.528 2
0.459 9.682 2.576 2
0.526 9.703 2.614 2
0.541 9.682 2.679 2
0.428 9.605 2.863 2
0.392 9.569 2.964 2
0.385 9.538 3.043 2
0.373 9.493 3.256 2
0.313 9.452 3.591 2
0.308 9.478 3.569 2
0.33 9.498 3.6 2
0.387 9.55 3.615 2
0.423 9.562 3.603 2
0.438 9.555 3.96 2
0.332 9.56 3.897 2
0.332 9.56 3.897 2
0.33 9.553 3.871 2
0.328 9.548 3.79 2
0.325 9.555 3.691 2
0.418 9.629 3.612 2
0.486 9.639 3.562 2
0.498 9.608 3.423 2
0.459 9.596 3.356 2
0.378 9.579 3.328 2
0.301 9.534 3.237 2
0.277 9.534 3.181 2
0.253 9.543 3.193 2
0.258 9.536 3.172 2
0.28 9.545 3.062 2
0.32 9.553 3.04 2
0.507 9.601 2.909 2
0.675 9.66 2.794 2
0.701 9.672 2.698 2
0.648 9.646 2.731 2
0.447 9.593 2.959 2
0.447 9.593 2.959 2
0.418 9.596 3.031 2
0.409 9.589 3.047 2
0.38 9.548 3.014 2
0.368 9.529 3.007 2
0.335 9.488 2.921 2
0.349 9.474 2.796 2
0.363 9.476 2.722 2
0.39 9.502 2.528 2
0.409 9.557 2.116 2
0.409 9.557 2.116 2
0.423 9.577 2.023 2
0.438 9.596 1.939 2
0.44 9.617 1.831 2
0.43 9.61 1.817 2
0.354 9.584 1.817 2
0.263 9.581 1.855 2
0.232 9.577 1.889 2
0.203 9.574 1.951 2
0.249 9.562 1.98 2
0.249 9.562 1.98 2
0.251 9.565 2.013 2
0.241 9.567 2.027 2
0.217 9.553 2.097 2
0.184 9.536 2.152 2
0.112 9.493 2.236 2
0.1 9.476 2.238 2
0.114 9.49 2.229 2
0.165 9.51 2.243 2
0.249 9.536 2.157 2
0.249 9.536 2.157 2
0.246 9.541 2.109 2
0.263 9.548 2.078 2
0.306 9.55 2.054 2
0.313 9.548 2.025 2
0.296 9.545 2.032 2
0.265 9.531 2.051 2
0.162 9.495 2.056 2
0.067 9.502 2.128 2
0.052 9.526 2.229 2
0.033 9.529 2.264 2
0.033 9.529 2.264 2
0.009 9.567 2.288 2
0.004 9.603 2.257 2
0.016 9.622 2.233 2
0.074 9.696 2.207 2
0.119 9.732 2.183 2
0.179 9.797 2.123 2
0.155 9.838 2.078 2
0.158 9.859 2.085 2
0.158 9.859 2.085 2
0.167 9.842 2.092 2
0.098 9.809 2.104 2
0.019 9.771 2.099 2
-0.004 9.761 2.09 2
-0.021 9.725 2.075 2
-0.047 9.715 2.08 2
-0.09 9.703 2.106 2
-0.05 9.713 2.118 2
0.002 9.775 2.14 2
0.002 9.775 2.14 2
-0.016 9.778 2.138 2
-0.079 9.794 2.145 2
-0.134 9.806 2.181 2
-0.136 9.826 2.212 2
-0.095 9.859 2.26 2
-0.081 9.873 2.272 2
-0.086 9.885 2.293 2
-0.105 9.885 2.312 2
-0.1 9.909 2.384 2
-0.1 9.909 2.384 2
-0.107 9.905 2.396 2
-0.095 9.909 2.43 2
-0.102 9.912 2.468 2
-0.129 9.897 2.53 2
-0.177 9.89 2.6 2
-0.174 9.888 2.631 2
-0.102 9.909 2.628 2
-0.079 9.919 2.614 2
-0.016 9.897 2.485 2
-0.016 9.897 2.485 2
-0.026 9.89 2.444 2
-0.055 9.888 2.32 2
-0.069 9.883 2.25 2
-0.102 9.878 2.116 2
-0.148 9.866 1.963 2
-0.208 9.85 1.881 2
-0.33 9.814 1.671 2
-0.402 9.806 1.577 2
-0.682 9.735 1.204 2
-0.682 9.735 1.204 2
-0.768 9.718 1.115 2
-0.873 9.711 0.976 2
-0.912 9.725 0.921 2
-0.95 9.751 0.809 2
-0.96 9.78 0.701 2
-0.957 9.785 0.67 2
-0.945 9.792 0.61 2
-0.926 9.809 0.586 2
-0.794 9.869 0.55 2
-0.794 9.869 0.55 2
-0.761 9.869 0.569 2
-0.689 9.869 0.632 2
-0.651 9.873 0.672 2
-0.577 9.864 0.773 2
-0.529 9.857 0.828 2
-0.438 9.842 0.962 2
-0.361 9.835 1.113 2
-0.33 9.823 1.199 2
-0.184 9.809 1.589 2
-0.184 9.809 1.589 2
-0.15 9.802 1.704 2
-0.093 9.785 1.905 2
-0.062 9.778 1.994 2
-0.04 9.773 2.169 2
-0.021 9.754 2.241 2
0.009 9.711 2.343 2
0.052 9.692 2.411 2
0.067 9.682 2.437 2
0.117 9.665 2.511 2
0.117 9.665 2.511 2
0.141 9.663 2.525 2
0.205 9.696 2.537 2
0.239 9.718 2.523 2
0.282 9.751 2.497 2
0.292 9.766 2.482 2
0.306 9.79 2.485 2
0.301 9.811 2.485 2
0.284 9.823 2.482 2
0.263 9.862 2.456 2
0.263 9.862 2.456 2
0.253 9.873 2.43 2
0.234 9.888 2.377 2
0.225 9.9 2.339 2
0.181 9.917 2.267 2
0.165 9.933 2.241 2
0.155 9.941 2.176 2
0.165 9.936 2.08 2
0.167 9.945 2.018 2
0.179 9.941 1.908 2
0.179 9.941 1.908 2
0.162 9.933 1.896 2
0.138 9.924 1.903 2
0.081 9.89 1.927 2
0.045 9.852 1.936 2
0.016 9.809 1.972 2
-0.009 9.708 2.152 2
-0.023 9.701 2.293 2
-0.031 9.742 2.6 2
-0.071 9.866 2.679 2
-0.071 9.909 2.547 2
-0.064 9.957 2.367 2
-0.045 10.012 2.154 2
0.016 10.122 1.692 2
0.112 10.199 1.297 2
0.146 10.209 1.137 2
0.169 10.211 0.857 2
0.172 10.192 0.763 2
0.126 10.13 0.689 2
0.112 10.005 0.785 2
0.112 10.005 0.785 2
0.102 9.979 0.847 2
0.1 9.943 0.924 2
0.062 9.902 1.075 2
0.035 9.862 1.206 2
0.026 9.84 1.273 2
0.014 9.826 1.338 2
0.014 9.84 1.338 2
0.009 9.869 1.302 2
0.035 9.945 1.118 2
0.04 9.962 1.043 2
0.04 9.976 0.974 2
0.033 9.976 0.914 2
-0.007 9.988 0.833 2
-0.059 9.993 0.766 2
-0.074 9.996 0.739 2
-0.059 9.974 0.677 2
-0.055 9.962 0.646 2
-0.076 9.969 0.617 2
-0.067 9.938 0.615 2
-0.067 9.938 0.615 2
-0.062 9.921 0.603 2
-0.076 9.909 0.584 2
-0.088 9.883 0.521 2
-0.1 9.876 0.498 2
-0.122 9.84 0.438 2
-0.165 9.811 0.359 2
-0.201 9.79 0.33 2
-0.256 9.742 0.26 2
-0.351 9.605 0.138 2
-0.351 9.605 0.138 2
-0.363 9.581 0.112 2
-0.383 9.555 0.081 2
-0.433 9.476 0.033 2
-0.459 9.44 0.033 2
-0.498 9.392 0.064 2
-0.488 9.395 0.081 2
-0.462 9.402 0.086 2
-0.395 9.416 0.069 2
-0.304 9.471 -0.004 2
-0.304 9.471 -0.004 2
-0.277 9.488 -0.016 2
-0.289 9.5 -0.023 2
-0.344 9.507 0.019 2
-0.373 9.534 0.055 2
-0.466 9.622 0.143 2
-0.648 9.727 0.32 2
-0.687 9.768 0.43 2
-0.675 9.806 0.624 2
-0.486 9.9 0.897 2
-0.486 9.9 0.897 2
-0.373 9.924 0.986 2
-0.335 9.924 1.015 2
-0.265 9.876 1.084 2
-0.258 9.862 1.11 2
-0.208 9.864 1.091 2
-0.122 9.885 1.048 2
-0.095 9.909 0.883 2
-0.064 9.924 0.723 2
-0.153 9.816 0.557 2
-0.131 9.828 0.524 2
-0.131 9.828 0.524 2
-0.016 9.869 0.383 2
0.064 9.888 0.16 2
0.093 9.902 0.079 2
0.162 9.953 -0.086 2
0.181 9.986 -0.193 2
0.136 10.029 -0.38 2
0.098 10.087 -0.517 2
0.014 10.139 -0.617 2
0.014 10.139 -0.617 2
-0.007 10.154 -0.632 2
-0.007 10.213 -0.658 2
0.059 10.307 -0.732 2
0.114 10.367 -0.778 2
0.15 10.415 -0.873 2
0.112 10.412 -0.902 2
0.04 10.419 -0.89 2
-0.062 10.381 -0.83 2
-0.131 10.362 -0.804 2
-0.131 10.362 -0.804 2
-0.155 10.343 -0.797 2
-0.196 10.312 -0.761 2
-0.232 10.281 -0.715 2
-0.249 10.281 -0.701 2
-0.244 10.292 -0.656 2
-0.241 10.304 -0.632 2
-0.251 10.316 -0.598 2
-0.332 10.314 -0.553 2
-0.469 10.29 -0.469 2
-0.519 10.29 -0.469 2
-0.519 10.273 -0.44 2
-0.605 10.245 -0.387 2
-0.679 10.225 -0.304 2
-0.684 10.199 -0.263 2
-0.61 10.213 -0.229 2
-0.56 10.218 -0.225 2
-0.462 10.199 -0.203 2
-0.423 10.175 -0.181 2
-0.339 10.079 -0.09 2
-0.339 10.079 -0.09 2
-0.32 10.07 -0.062 2
-0.299 10.034 -0.021 2
-0.287 10.008 -0.002 2
-0.26 9.972 0.038 2
-0.184 9.974 0.014 2
-0.131 9.976 -0.019 2
-0.064 9.969 -0.088 2
-0.059 9.969 -0.126 2
-0.043 9.986 -0.237 2
-0.043 9.986 -0.237 2
-0.026 9.993 -0.258 2
0.026 10.077 -0.351 2
0.014 10.087 -0.395 2
-0.045 10.051 -0.438 2
-0.198 9.986 -0.416 2
-0.265 9.953 -0.407 2
-0.395 9.885 -0.366 2
-0.45 9.852 -0.323 2
-0.469 9.833 -0.249 2
-0.469 9.833 -0.249 2
-0.44 9.83 -0.253 2
-0.387 9.821 -0.277 2
-0.366 9.811 -0.284 2
-0.339 9.794 -0.272 2
-0.351 9.751 -0.239 2
-0.347 9.73 -0.213 2
-0.32 9.73 -0.189 2
-0.301 9.73 -0.196 2
-0.292 9.62 -0.181 2
-0.292 9.62 -0.181 2
-0.313 9.601 -0.169 2
-0.32 9.591 -0.179 2
-0.335 9.579 -0.179 2
-0.407 9.522 -0.136 2
-0.462 9.517 -0.11 2
-0.486 9.466 -0.069 2
-0.548 9.435 0.007 2
-0.574 9.407 0.045 2
-0.727 9.253 0.378 2
-0.727 9.253 0.378 2
-0.751 9.232 0.43 2
-0.775 9.186 0.502 2
-0.809 9.17 0.553 2
-0.878 9.15 0.615 2
-0.917 9.141 0.641 2
-0.936 9.143 0.648 2
-0.883 9.15 0.632 2
-0.852 9.172 0.627 2
-0.617 9.294 0.44 2
-0.617 9.294 0.44 2
-0.533 9.332 0.366 2
-0.304 9.438 0.186 2
-0.189 9.486 0.107 2
0.035 9.581 -0.069 2
0.153 9.646 -0.16 2
0.347 9.771 -0.368 2
0.502 9.921 -0.579 2
0.569 10.0 -0.682 2
0.826 10.386 -1.043 2
0.826 10.386 -1.043 2
0.881 10.489 -1.122 2
0.943 10.637 -1.285 2
0.955 10.695 -1.321 2
0.895 10.783 -1.345 2
0.83 10.798 -1.338 2
0.694 10.855 -1.328 2
0.569 10.879 -1.324 2
0.505 10.884 -1.324 2
0.363 10.862 -1.242 2
0.363 10.862 -1.242 2
0.371 10.87 -1.221 2
0.368 10.86 -1.197 2
0.339 10.745 -1.142 2
0.253 10.611 -1.051 2
0.222 10.558 -0.991 2
0.203 10.448 -0.905 2
0.21 10.393 -0.852 2
0.222 10.3 -0.747 2
0.301 10.149 -0.62 2
0.301 10.149 -0.62 2
0.299 10.166 -0.586 2
0.268 10.206 -0.536 2
0.268 10.211 -0.512 2
0.296 10.125 -0.462 2
0.272 10.087 -0.414 2
0.217 10.0 -0.371 2
0.198 9.955 -0.339 2
0.162 9.907 -0.294 2
0.162 9.89 -0.292 2
0.177 9.895 -0.294 2
0.213 9.885 -0.301 2
0.234 9.881 -0.32 2
0.241 9.854 -0.342 2
0.256 9.857 -0.332 2
0.27 9.871 -0.325 2
0.318 9.895 -0.347 2
0.335 9.897 -0.359 2
0.332 9.852 -0.385 2
0.249 9.797 -0.442 2
0.249 9.797 -0.442 2
0.217 9.778 -0.44 2
0.181 9.754 -0.426 2
0.172 9.735 -0.39 2
0.179 9.72 -0.342 2
0.189 9.703 -0.337 2
0.198 9.692 -0.347 2
0.22 9.701 -0.349 2
0.232 9.727 -0.38 2
0.181 9.706 -0.471 2
0.181 9.706 -0.471 2
0.153 9.706 -0.483 2
0.134 9.708 -0.502 2
0.119 9.723 -0.521 2
0.119 9.735 -0.55 2
0.098 9.739 -0.627 2
0.083 9.759 -0.696 2
0.064 9.778 -0.72 2
0.062 9.816 -0.773 2
0.071 9.871 -0.873 2
0.064 9.883 -0.895 2
0.052 9.909 -0.912 2
0.035 9.931 -0.936 2
0.0 9.931 -0.955 2
-0.023 9.929 -0.948 2
-0.04 9.931 -0.933 2
-0.011 9.948 -0.931 2
0.011 9.953 -0.967 2
0.028 9.926 -1.017 2
-0.009 9.859 -1.015 2
-0.009 9.859 -1.015 2
-0.007 9.809 -0.993 2
-0.011 9.797 -0.981 2
0.016 9.809 -0.96 2
0.052 9.799 -0.957 2
0.112 9.818 -0.964 2
0.138 9.838 -0.964 2
0.134 9.893 -0.948 2
0.031 10.034 -0.866 2
0.193 10.017 -0.826 2
0.232 10.008 -0.794 2
0.244 9.996 -0.799 2
0.249 9.969 -0.83 2
0.301 9.902 -0.826 2
0.323 9.883 -0.83 2
0.339 9.823 -0.852 2
0.354 9.806 -0.806 2
0.373 9.79 -0.799 2
0.39 9.761 -0.782 2
0.423 9.749 -0.737 2
0.423 9.749 -0.737 2
0.426 9.749 -0.72 2
0.43 9.73 -0.701 2
0.404 9.684 -0.682 2
0.39 9.675 -0.668 2
0.363 9.639 -0.636 2
0.347 9.622 -0.617 2
0.337 9.584 -0.579 2
0.323 9.538 -0.531 2
0.339 9.469 -0.483 2
0.339 9.469 -0.483 2
0.328 9.469 -0.459 2
0.21 9.541 -0.383 2
0.323 9.49 -0.375 2
0.404 9.447 -0.325 2
0.423 9.378 -0.289 2
0.397 9.33 -0.301 2
0.402 9.234 -0.272 2
0.385 9.191 -0.296 2
0.399 9.16 -0.296 2
0.411 9.16 -0.296 2
0.411 9.16 -0.318 2
0.442 9.165 -0.387 2
0.469 9.143 -0.457 2
0.471 9.136 -0.493 2
0.433 9.136 -0.55 2
0.409 9.138 -0.581 2
0.277 9.217 -0.608 2
0.217 9.258 -0.665 2
0.342 9.198 -0.668 2
0.342 9.198 -0.668 2
0.332 9.182 -0.684 2
0.32 9.129 -0.766 2
0.313 9.1 -0.773 2
0.311 9.074 -0.794 2
0.332 9.047 -0.854 2
0.339 9.04 -0.876 2
0.383 9.026 -0.938 2
0.435 9.014 -0.964 2
0.452 8.968 -1.07 2
0.452 8.968 -1.07 2
0.471 8.952 -1.084 2
0.457 8.923 -1.082 2
0.442 8.897 -1.07 2
0.418 8.865 -1.053 2
0.39 8.839 -1.012 2
0.392 8.825 -0.996 2
0.392 8.81 -0.976 2
0.387 8.791 -0.962 2
0.416 8.734 -0.921 2
0.416 8.734 -0.921 2
0.418 8.717 -0.905 2
0.409 8.679 -0.871 2
0.411 8.662 -0.857 2
0.383 8.638 -0.804 2
0.368 8.609 -0.747 2
0.359 8.602 -0.713 2
0.351 8.59 -0.651 2
0.344 8.573 -0.62 2
0.328 8.526 -0.538 2
0.328 8.526 -0.538 2
0.32 8.523 -0.524 2
0.313 8.511 -0.49 2
0.308 8.494 -0.462 2
0.301 8.48 -0.414 2
0.253 8.437 -0.354 2
0.22 8.423 -0.332 2
0.174 8.379 -0.294 2
0.169 8.36 -0.268 2
0.227 8.324 -0.177 2
0.227 8.324 -0.177 2
0.244 8.315 -0.177 2
0.268 8.296 -0.158 2
0.277 8.286 -0.16 2
0.299 8.265 -0.184 2
0.316 8.241 -0.189 2
0.316 8.219 -0.213 2
0.301 8.188 -0.249 2
0.292 8.164 -0.265 2
0.246 8.066 -0.332 2
0.246 8.066 -0.332 2
0.237 8.039 -0.339 2
0.225 8.02 -0.344 2
0.217 7.999 -0.349 2
0.177 7.958 -0.354 2
0.16 7.939 -0.354 2
0.131 7.898 -0.366 2
0.102 7.848 -0.368 2
0.093 7.819 -0.366 2
0.045 7.723 -0.359 2
0.045 7.723 -0.359 2
0.016 7.695 -0.354 2
-0.007 7.647 -0.33 2
-0.004 7.613 -0.323 2
-0.002 7.561 -0.299 2
-0.004 7.534 -0.284 2
-0.035 7.467 -0.253 2
-0.047 7.398 -0.213 2
-0.04 7.371 -0.196 2
-0.071 7.312 -0.114 2
-0.071 7.312 -0.114 2
-0.088 7.302 -0.102 2
-0.09 7.288 -0.083 2
-0.083 7.295 -0.069 2
-0.083 7.302 -0.052 2
-0.09 7.302 -0.045 2
-0.095 7.312 -0.047 2
-0.093 7.314 -0.059 2
-0.086 7.316 -0.069 2
-0.064 7.348 -0.119 2
-0.064 7.348 -0.119 2
-0.05 7.34 -0.136 2
-0.026 7.331 -0.162 2
-0.028 7.324 -0.153 2
-0.023 7.307 -0.141 2
-0.019 7.3 -0.141 2
-0.009 7.29 -0.138 2
-0.007 7.28 -0.138 2
0.007 7.264 -0.165 2
0.052 7.223 -0.179 2
0.052 7.206 -0.179 2
0.059 7.194 -0.174 2
0.059 7.173 -0.167 2
0.069 7.118 -0.165 2
0.069 7.067 -0.172 2
0.071 7.041 -0.177 2
0.052 7.01 -0.169 2
0.05 6.979 -0.165 2
0.026 6.943 -0.15 2
-0.035 6.869 -0.129 2
-0.035 6.869 -0.129 2
-0.047 6.847 -0.122 2
-0.05 6.823 -0.122 2
-0.064 6.794 -0.129 2
-0.064 6.78 -0.138 2
-0.076 6.778 -0.141 2
-0.102 6.78 -0.146 2
-0.112 6.782 -0.165 2
-0.107 6.818 -0.208 2
-0.1 6.9 -0.351 2
-0.1 6.9 -0.351 2
-0.093 6.933 -0.387 2
-0.086 6.969 -0.426 2
-0.071 7.036 -0.502 2
-0.067 7.108 -0.569 2
-0.067 7.134 -0.603 2
-0.038 7.168 -0.634 2
-0.033 7.192 -0.651 2
-0.028 7.254 -0.684 2
-0.014 7.316 -0.687 2
0.0 7.333 -0.67 2
0.019 7.343 -0.651 2
0.014 7.367 -0.627 2
0.038 7.427 -0.55 2
0.095 7.45 -0.519 2
0.124 7.513 -0.411 2
0.172 7.58 -0.318 2
0.196 7.599 -0.27 2
0.229 7.64 -0.172 2
0.258 7.699 -0.047 2
0.263 7.707 -0.026 2
0.268 7.704 -0.011 2
0.287 7.716 -0.007 2
0.318 7.743 -0.002 2
0.342 7.745 -0.002 2
0.375 7.764 0.019 2
0.375 7.781 0.038 2
0.373 7.798 0.045 2
0.383 7.836 0.059 2
0.373 7.865 0.107 2
0.373 7.867 0.107 2
0.368 7.869 0.107 2
0.383 7.867 0.093 2
0.409 7.867 0.055 2
0.409 7.858 0.035 2
0.402 7.846 -0.004 2
0.404 7.822 -0.045 2
0.395 7.819 -0.059 2
0.397 7.798 -0.112 2
0.378 7.788 -0.179 2
0.378 7.788 -0.179 2
0.366 7.79 -0.222 2
0.354 7.805 -0.244 2
0.33 7.802 -0.308 2
0.313 7.812 -0.342 2
0.284 7.831 -0.392 2
0.251 7.834 -0.426 2
0.227 7.846 -0.44 2
0.184 7.846 -0.469 2
0.131 7.877 -0.483 2
0.131 7.877 -0.483 2
0.129 7.891 -0.462 2
0.143 7.915 -0.454 2
0.165 7.965 -0.423 2
0.177 7.984 -0.411 2
0.239 8.001 -0.368 2
0.284 8.028 -0.335 2
0.361 8.087 -0.268 2
0.399 8.121 -0.169 2
0.445 8.166 0.016 2
0.428 8.166 0.064 2
0.428 8.166 0.064 2
0.414 8.171 0.117 2
0.38 8.195 0.153 2
0.373 8.214 0.162 2
0.373 8.248 0.165 2
0.361 8.262 0.146 2
0.323 8.281 0.107 2
0.301 8.324 0.057 2
0.304 8.401 -0.002 2
0.304 8.401 -0.002 2
0.304 8.42 -0.038 2
0.294 8.466 -0.093 2
0.284 8.521 -0.155 2
0.28 8.545 -0.181 2
0.287 8.585 -0.28 2
0.289 8.6 -0.332 2
0.287 8.662 -0.452 2
0.296 8.741 -0.572 2
0.316 8.851 -0.773 2
0.316 8.851 -0.773 2
0.332 8.892 -0.845 2
0.368 8.961 -0.996 2
0.38 9.024 -1.139 2
0.371 9.047 -1.192 2
0.344 9.091 -1.283 2
0.323 9.122 -1.324 2
0.284 9.17 -1.376 2
0.249 9.184 -1.369 2
0.196 9.304 -1.35 2
0.196 9.304 -1.35 2
0.191 9.342 -1.321 2
0.153 9.404 -1.23 2
0.162 9.433 -1.18 2
0.169 9.541 -1.084 2
0.213 9.672 -0.962 2
0.225 9.744 -0.878 2
0.265 9.883 -0.677 2
0.282 9.972 -0.565 2
0.44 10.278 -0.057 2
0.44 10.278 -0.057 2
0.488 10.371 0.05 2
0.553 10.549 0.256 2
0.593 10.632 0.359 2
0.67 10.788 0.565 2
0.701 10.949 0.758 2
0.715 11.02 0.864 2
0.747 11.164 1.063 2
0.763 11.217 1.137 2
0.814 11.384 1.386 2
0.814 11.384 1.386 2
0.835 11.415 1.436 2
0.864 11.461 1.517 2
0.861 11.48 1.544 2
0.876 11.511 1.558 2
0.89 11.504 1.556 2
0.866 11.499 1.541 2
0.823 11.466 1.503 2
0.811 11.444 1.479 2
0.703 11.348 1.321 2
0.703 11.348 1.321 2
0.67 11.32 1.278 2
0.596 11.25 1.175 2
0.553 11.212 1.118 2
0.462 11.138 1.012 2
0.373 11.061 0.885 2
0.328 11.016 0.83 2
0.256 10.91 0.706 2
0.222 10.86 0.636 2
0.067 10.664 0.371 2
0.067 10.664 0.371 2
0.021 10.609 0.311 2
-0.055 10.508 0.234 2
-0.076 10.455 0.201 2
-0.148 10.381 0.146 2
-0.181 10.336 0.136 2
-0.249 10.261 0.098 2
-0.339 10.194 0.062 2
-0.383 10.154 0.043 2
-0.49 10.02 -0.019 2
-0.49 10.02 -0.019 2
-0.49 9.976 -0.043 2
-0.462 9.895 -0.095 2
-0.469 9.869 -0.126 2
-0.505 9.814 -0.162 2
-0.521 9.792 -0.172 2
-0.541 9.756 -0.179 2
-0.555 9.735 -0.177 2
-0.543 9.739 -0.191 2
-0.447 9.785 -0.193 2
-0.447 9.785 -0.193 2
-0.418 9.811 -0.181 2
-0.347 9.828 -0.162 2
-0.335 9.857 -0.153 2
-0.328 9.873 -0.138 2
-0.33 9.876 -0.134 2
-0.318 9.897 -0.141 2
-0.246 9.945 -0.146 2
-0.198 9.991 -0.129 2
0.088 10.106 -0.038 2
0.088 10.106 -0.038 2
0.179 10.137 -0.002 2
0.335 10.178 0.1 2
0.397 10.211 0.153 2
0.481 10.271 0.263 2
0.507 10.29 0.323 2
0.562 10.35 0.462 2
0.596 10.398 0.629 2
0.605 10.472 0.718 2
0.612 10.558 0.998 2
0.612 10.558 0.998 2
0.596 10.594 1.041 2
0.581 10.637 1.055 2
0.603 10.738 1.034 2
0.727 10.836 1.031 2
0.787 10.87 1.029 2
0.84 10.92 1.046 2
0.849 10.929 1.075 2
0.842 10.939 1.122 2
0.785 10.903 1.142 2
0.785 10.903 1.142 2
0.778 10.896 1.154 2
0.761 10.886 1.166 2
0.715 10.86 1.168 2
0.653 10.846 1.12 2
0.624 10.85 1.091 2
0.509 10.901 1.003 2
0.402 10.941 0.948 2
0.251 11.03 0.888 2
0.323 11.121 0.588 2
0.38 11.152 0.498 2
0.418 11.164 0.409 2
0.447 11.157 0.328 2
0.545 11.133 0.189 2
0.514 11.109 0.129 2
0.471 11.119 0.093 2
0.483 11.14 0.05 2
0.502 11.147 0.067 2
0.505 11.157 0.155 3
0.581 11.128 0.316 2
0.579 11.111 0.38 2
0.569 11.104 0.44 2
0.567 11.095 0.49 2
0.581 11.066 0.627 2
0.612 11.044 0.806 1
0.608 11.03 0.897 2
0.632 11.001 1.053 3
0.656 10.963 1.122 2
0.711 10.886 1.252 2
0.818 10.726 1.534 2
0.818 10.726 1.534 2
0.826 10.688 1.58 1
0.847 10.659 1.649 2
0.933 10.599 1.8 2
0.991 10.57 1.862 2
1.101 10.549 1.987 2
1.194 10.582 2.126 2
1.23 10.58 2.181 2
1.28 10.585 2.255 2
1.292 10.565 2.293 2
1.292 10.565 2.293 2
1.285 10.532 2.245 2
1.278 10.508 2.231 3
1.223 10.482 2.133 2
1.194 10.453 2.087 2
1.132 10.407 2.011 2
1.103 10.4 1.908 2
1.113 10.407 1.848 2
1.113 10.431 1.723 1
1.082 10.467 1.573 2
1.082 10.467 1.573 2
1.108 10.455 1.484 2
1.118 10.46 1.446 2
1.122 10.482 1.376 2
1.103 10.479 1.333 2
1.031 10.465 1.266 2
1.022 10.446 1.194 2
1.012 10.434 1.166 2
0.957 10.417 1.127 2
0.89 10.398 1.065 2
0.881 10.405 1.075 2
0.883 10.417 1.075 2
0.888 10.441 1.055 2
0.897 10.47 0.981 2
0.905 10.465 0.943 2
0.895 10.472 0.861 2
0.909 10.472 0.797 2
0.905 10.491 0.763 2
0.881 10.474 0.699 2
0.84 10.472 0.574 2
0.84 10.472 0.574 2
0.818 10.484 0.526 2
0.814 10.494 0.404 2
0.792 10.522 0.306 2
0.785 10.546 0.27 2
0.761 10.594 0.213 2
0.72 10.621 0.193 2
0.675 10.721 0.155 2
0.665 10.867 0.112 2
0.644 11.097 0.114 2
0.641 11.169 0.138 2
0.641 11.169 0.138 2
0.629 11.312 0.22 2
0.596 11.478 0.349 2
0.565 11.564 0.421 2
0.526 11.731 0.586 2
0.517 11.818 0.665 2
0.502 11.973 0.823 2
0.483 12.122 1.01 2
0.416 12.299 1.304 2
0.387 12.299 1.304 2
0.387 12.337 1.398 2
0.366 12.419 1.594 2
0.339 12.498 1.795 2
0.311 12.514 1.898 2
0.268 12.567 2.106 2
0.253 12.598 2.2 2
0.225 12.62 2.377 2
0.189 12.658 2.533 2
0.083 12.668 2.774 2
0.083 12.668 2.774 2
0.043 12.677 2.863 2
-0.028 12.699 3.038 2
-0.086 12.706 3.21 2
-0.114 12.706 3.282 2
-0.136 12.699 3.414 2
-0.155 12.696 3.488 2
-0.198 12.694 3.646 2
-0.239 12.696 3.715 2
-0.258 12.739 3.986 2
-0.258 12.739 3.986 2
-0.253 12.737 4.07 2
-0.222 12.744 4.209 2
-0.21 12.754 4.29 2
-0.189 12.78 4.446 2
-0.124 12.842 4.549 2
-0.081 12.874 4.592 2
0.045 12.931 4.647 2
0.114 12.969 4.676 2
0.407 13.209 4.802 2
0.407 13.209 4.802 2
0.486 13.278 4.822 2
0.627 13.431 4.874 2
0.687 13.513 4.901 2
0.794 13.673 4.927 2
0.869 13.822 4.913 2
0.912 13.884 4.901 2
0.976 14.044 4.841 2
1.007 14.135 4.802 2
1.077 14.389 4.64 2
1.077 14.389 4.64 2
1.087 14.423 4.601 2
1.087 14.482 4.52 2
1.067 14.502 4.479 2
1.048 14.533 4.376 2
0.984 14.533 4.254 2
0.955 14.518 4.209 2
0.974 14.47 4.12 2
0.96 14.439 4.106 2
0.828 14.303 4.07 2
0.828 14.303 4.07 2
0.703 14.286 4.087 2
0.421 14.296 4.173 2
0.411 14.322 4.168 2
0.428 14.339 4.175 2
0.363 14.315 4.221 2
0.328 14.253 4.261 2
0.313 14.178 4.362 2
0.337 14.142 4.415 2
0.658 14.044 4.58 2
0.658 14.044 4.58 2
0.782 14.018 4.604 2
1.005 13.994 4.666 2
1.082 13.989 4.702 2
1.324 13.996 4.735 2
1.436 14.006 4.769 2
1.64 13.996 4.834 2
1.807 13.98 4.872 2
1.857 13.984 4.915 2
1.884 13.944 5.051 2
1.884 13.944 5.051 2
1.896 13.944 5.051 2
1.939 13.984 5.025 2
1.958 14.016 5.011 2
1.97 14.071 4.987 2
1.963 14.104 4.968 2
1.915 14.178 4.905 2
1.824 14.255 4.872 2
1.757 14.272 4.862 2
1.549 14.315 4.599 2
1.549 14.315 4.599 2
1.458 14.329 4.51 2
1.266 14.353 4.348 2
1.166 14.346 4.254 2
1.012 14.372 4.084 2
0.95 14.394 3.993 2
0.871 14.48 3.756 2
0.766 14.552 3.536 2
0.725 14.583 3.433 2
0.72 14.72 3.081 2
0.72 14.72 3.081 2
0.758 14.743 3.031 2
0.895 14.765 2.964 2
0.974 14.839 2.956 2
1.156 14.887 3.023 2
1.245 14.923 3.081 2
1.443 15.04 3.227 2
1.649 15.103 3.325 2
1.769 15.229 3.526 2
2.212 15.476 4.034 2
2.212 15.476 4.034 2
2.339 15.522 4.178 2
2.482 15.569 4.312 2
2.806 15.598 4.616 2
3.004 15.672 4.936 2
3.043 15.711 5.09 2
3.124 15.742 5.387 2
3.189 15.742 5.499 2
3.261 15.783 5.631 2
3.253 15.771 5.767 2
3.208 15.744 5.803 2
3.15 15.727 5.837 2
3.079 15.716 5.854 2
2.925 15.613 5.842 2
2.81 15.5 5.786 2
2.731 15.443 5.748 2
2.554 15.311 5.657 2
2.468 15.227 5.595 2
2.296 15.071 5.458 2
1.771 14.834 5.183 2
1.771 14.834 5.183 2
1.652 14.782 5.106 2
1.529 14.751 5.027 2
1.302 14.724 4.889 2
1.142 14.743 4.776 2
1.07 14.765 4.731 2
0.972 14.868 4.69 2
0.938 14.94 4.683 2
0.909 15.067 4.676 2
0.964 15.275 4.613 2
0.993 15.34 4.604 2
1.027 15.426 4.594 2
1.082 15.522 4.582 2
1.233 15.73 4.568 2
1.391 15.847 4.556 2
1.494 16.07 4.573 2
1.716 16.259 4.661 2
1.848 16.355 4.723 2
2.126 16.53 4.884 2
2.542 16.747 5.152 2
2.667 16.747 5.243 2
2.774 16.874 5.336 2
2.875 16.927 5.425 2
3.069 17.004 5.581 2
3.158 17.035 5.643 2
3.304 17.052 5.76 2
3.435 17.049 5.861 2
3.488 17.03 5.911 2
3.586 16.98 5.964 2
3.72 16.858 6.057 2
3.72 16.858 6.057 2
3.73 16.807 6.079 2
3.732 16.75 6.107 2
3.696 16.649 6.155 2
3.687 16.582 6.16 2
3.634 16.427 6.124 2
3.498 16.276 6.043 2
3.423 16.204 5.99 2
3.251 16.036 5.825 2
2.885 15.866 5.547 2
2.885 15.866 5.547 2
2.636 15.761 5.312 2
2.511 15.716 5.169 2
2.257 15.61 4.879 2
2.142 15.548 4.728 2
1.917 15.411 4.417 2
1.668 15.263 4.149 2
1.532 15.218 4.046 2
1.336 15.158 3.821 2
1.067 15.057 3.469 2
0.979 15.062 3.361 2
0.912 15.062 3.253 2
0.852 15.117 3.153 2
0.713 15.191 2.98 2
0.648 15.239 2.901 2
0.545 15.342 2.762 2
0.524 15.419 2.7 2
0.502 15.625 2.616 2
0.562 15.83 2.564 2
0.708 16.226 2.518 2
0.744 16.381 2.542 2
0.744 16.381 2.542 2
0.852 16.738 2.6 2
0.962 17.21 2.681 2
1.017 17.497 2.715 2
1.084 18.155 2.832 2
1.084 18.529 2.944 2
0.95 19.3 3.272 2
0.706 20.128 3.715 2
0.33 21.388 4.434 2
0.33 21.388 4.434 2
0.189 21.787 4.666 2
-0.05 22.522 5.126 2
-0.208 23.102 5.506 2
-0.102 23.389 5.619 2
-0.095 23.923 6.038 2
-0.313 24.158 6.378 2
-0.876 24.61 7.297 2
-1.264 24.986 8.372 2
-1.52 25.223 9.744 2
-1.52 25.223 9.744 2
-1.45 25.264 10.02 2
-1.048 25.324 10.216 2
-0.567 25.281 9.953 2
-0.366 25.228 9.739 2
-0.124 25.087 9.294 2
-0.045 24.96 9.057 2
0.083 24.572 8.559 2
0.191 24.34 8.028 2
0.385 23.341 7.151 2
0.385 23.341 7.151 2
0.483 23.087 6.83 2
0.826 22.645 6.167 2
1.201 22.424 5.827 2
1.424 21.984 5.135 2
1.826 21.567 4.415 2
1.994 21.371 4.06 2
2.25 20.954 3.423 2
2.329 20.734 3.138 2
2.466 19.929 2.523 2
2.466 19.929 2.523 2
2.525 19.788 2.513 2
2.688 19.546 2.691 2
2.798 19.424 2.865 2
3.067 19.17 3.332 2
3.342 18.835 3.859 2
3.435 18.615 4.108 2
3.498 18.098 4.546 2
3.462 17.813 4.723 2
3.079 16.477 5.372 2
3.079 16.477 5.372 2
2.844 16.106 5.609 2
2.384 15.354 6.201 2
2.209 15.012 6.493 2
2.008 14.399 6.948 2
1.929 13.781 7.213 2
1.874 13.455 7.304 2
1.642 12.883 7.419 2
1.388 12.557 7.465 2
0.593 11.054 7.316 2
0.593 11.054 7.316 2
0.574 10.666 7.134 2
0.323 9.871 6.737 2
0.165 9.462 6.545 2
-0.287 8.786 6.203 2
-0.799 8.518 5.925 2
-0.94 8.006 5.794 2
-1.185 7.599 5.53 2
-1.302 7.422 5.382 2
-1.333 6.715 4.498 2
-1.333 6.715 4.498 2
-1.316 6.533 4.199 2
-1.161 6.198 3.51 2
-1.055 6.064 3.16 2
-0.517 5.882 2.365 2
-0.162 5.791 1.958 2
0.356 5.71 1.431 2
0.158 5.458 1.4 2
-0.067 5.341 1.541 2
-0.617 5.358 2.506 2
-0.617 5.358 2.506 2
-0.675 5.411 2.782 2
-0.718 5.552 3.299 2
-0.658 5.672 3.536 2
-0.426 5.971 4.01 2
-0.272 6.138 4.237 2
0.126 6.421 4.676 2
0.6 6.627 5.109 2
0.845 6.658 5.315 2
1.869 6.225 6.0 2
1.869 6.225 6.0 2
2.083 5.949 6.179 2
2.547 5.317 6.459 2
2.858 4.98 6.514 2
3.502 4.259 6.553 2
3.742 3.845 6.589 2
4.084 3.067 6.811 2
4.259 2.382 7.091 2
4.309 2.042 7.163 2
4.223 0.38 6.984 2
4.223 0.38 6.984 2
3.986 -0.155 6.952 2
3.521 -1.304 6.907 2
3.354 -1.79 6.804 2
3.251 -2.715 6.213 2
3.124 -3.215 5.892 2
2.71 -4.292 5.298 2
2.056 -4.85 4.769 2
1.743 -5.897 4.453 2
1.276 -7.027 2.274 2
1.276 -7.027 2.274 2
1.187 -7.304 1.58 2
0.95 -7.671 0.96 2
0.323 -8.631 -0.014 2
-0.524 -9.862 -0.828 2
-1.0 -10.503 -1.201 2
-1.932 -11.779 -2.011 2
-2.382 -12.407 -2.42 2
-3.141 -13.455 -3.337 2
-3.739 -14.949 -6.617 2
-3.739 -14.949 -6.617 2
-3.845 -15.141 -7.35 2
-3.852 -15.172 -8.001 2
-3.593 -14.81 -9.079 2
-3.021 -14.059 -10.07 2
-2.669 -13.551 -10.582 2
-1.893 -12.347 -11.724 2
-1.462 -11.638 -12.39 2
-0.696 -10.185 -13.628 2
0.304 -8.039 -14.358 2
0.304 -7.352 -14.358 2
0.378 -6.699 -14.135 2
0.407 -6.071 -13.776 2
0.263 -4.697 -12.689 2
-0.428 -3.349 -10.984 2
-0.854 -2.691 -9.919 2
-1.798 -1.472 -7.381 2
-2.334 -0.919 -5.992 2
-3.411 0.019 -3.1 2
-4.8 1.28 1.075 2
-5.08 1.661 2.367 2
-5.26 1.996 3.591 2
-5.32 2.298 4.692 2
-5.061 2.815 6.617 2
-4.304 3.004 8.458 2
-3.615 3.272 9.081 2
-1.45 3.44 9.344 2
-0.179 3.51 9.129 2
2.14 3.469 8.731 2
4.312 3.043 11.437 2
4.312 3.043 11.437 2
3.888 3.002 11.837 2
3.368 2.913 12.052 2
2.976 2.667 11.612 2
3.244 2.47 10.91 2
4.257 1.932 8.995 2
5.145 1.249 6.847 2
5.315 0.907 5.921 2
5.102 0.253 4.565 2
4.649 -0.49 3.32 2
4.501 -0.668 2.988 2
4.338 -0.814 2.695 2
4.166 -0.936 2.425 2
3.816 -1.197 1.869 2
3.605 -1.336 1.601 2
3.083 -1.618 1.156 2
2.463 -1.944 0.847 2
2.142 -2.118 0.749 2
1.513 -2.458 0.596 2
0.62 -3.014 0.311 2
0.361 -3.22 0.28 2
0.138 -3.435 0.234 2
-0.057 -3.653 0.169 2
-0.363 -4.091 0.004 2
-0.493 -4.307 -0.11 2
-0.739 -4.755 -0.407 2
-0.924 -5.166 -0.804 2
-0.972 -5.317 -1.017 2
-0.967 -5.523 -1.46 2
-0.689 -5.672 -2.083 2
-0.689 -5.731 -2.238 2
-0.665 -5.731 -2.348 2
-0.653 -5.865 -2.42 2
-0.699 -5.992 -2.458 2
-0.756 -6.062 -2.408 2
-0.94 -6.167 -2.174 2
-1.058 -6.184 -1.999 2
-1.285 -6.153 -1.565 2
-1.422 -6.031 -1.137 2
-1.489 -5.595 -0.794 2
-1.489 -5.595 -0.794 2
-1.479 -5.353 -0.756 2
-1.448 -4.755 -0.775 2
-1.369 -4.031 -0.787 2
-1.326 -3.675 -0.782 2
-1.245 -3.004 -0.744 2
-1.18 -2.693 -0.72 2
-0.993 -2.14 -0.677 2
-0.701 -1.719 -0.644 2
-0.181 -1.223 -0.684 2
-0.181 -1.223 -0.684 2
-0.014 -1.101 -0.725 2
0.282 -0.876 -0.806 2
0.586 -0.689 -0.943 2
0.754 -0.586 -1.005 2
1.094 -0.387 -1.127 2
1.278 -0.287 -1.187 2
1.68 -0.088 -1.278 2
1.992 0.11 -1.355 2
2.303 0.418 -1.412 2
2.37 0.533 -1.415 2
2.37 0.533 -1.415 2
2.379 0.754 -1.362 2
2.221 0.948 -1.177 2
2.111 1.029 -1.077 2
1.817 1.185 -0.885 2
1.647 1.252 -0.785 2
1.264 1.367 -0.646 2
0.871 1.441 -0.565 2
0.296 1.778 -0.524 2
0.296 1.778 -0.524 2
0.086 1.857 -0.543 2
-0.347 2.006 -0.62 2
-0.591 2.075 -0.656 2
-1.101 2.135 -0.749 2
-1.592 2.128 -0.814 2
-1.824 2.099 -0.823 2
-2.26 2.025 -0.768 2
-2.437 1.97 -0.739 2
-2.937 1.711 -0.73 2
-2.937 1.711 -0.73 2
-3.004 1.642 -0.77 2
-3.067 1.496 -0.842 2
-3.086 1.405 -0.9 2
-3.095 1.225 -1.084 2
-3.158 0.979 -1.266 2
-3.208 0.84 -1.34 2
-3.375 0.524 -1.513 2
-3.457 0.354 -1.613 2
-3.747 -0.186 -2.09 2
-3.747 -0.186 -2.09 2
-3.814 -0.292 -2.236 2
-3.919 -0.509 -2.566 2
-3.972 -0.636 -2.736 2
-4.003 -0.864 -3.146 2
-3.919 -1.046 -3.555 2
-3.859 -1.146 -3.72 2
-3.723 -1.347 -3.943 2
-3.624 -1.45 -4.015 2
-3.124 -1.836 -4.113 2
-3.124 -1.836 -4.113 2
-2.966 -1.903 -4.115 2
-2.569 -1.968 -4.127 2
-2.341 -1.975 -4.132 2
-1.848 -1.958 -4.087 2
-1.321 -1.934 -3.945 2
-1.01 -1.829 -3.849 2
-0.069 -1.687 -3.493 2
0.679 -1.69 -3.033 2
3.634 -1.517 0.854 2
3.634 -1.517 0.854 2
3.988 -1.453 1.417 2
4.393 -1.256 1.922 2
4.585 -1.094 2.085 2
5.114 -0.636 2.525 2
5.391 -0.373 2.777 2
5.904 0.179 3.282 2
6.237 0.703 3.754 2
6.342 0.948 3.967 2
6.342 1.795 4.563 2
6.342 1.795 4.563 2
6.277 1.951 4.666 2
6.079 2.214 4.81 2
5.954 2.312 4.836 2
5.695 2.485 4.822 2
5.549 2.552 4.762 2
5.241 2.643 4.556 2
4.908 2.648 4.206 2
4.69 2.626 3.979 2
3.548 2.351 2.918 2
3.548 2.351 2.918 2
3.198 2.25 2.638 2
2.48 2.054 2.116 2
2.128 1.963 1.879 2
1.494 1.793 1.448 2
1.197 1.711 1.261 2
0.62 1.537 0.869 2
0.09 1.357 0.498 2
-0.153 1.273 0.33 2
-0.945 0.962 -0.11 2
-0.945 0.962 -0.11 2
-1.06 0.921 -0.119 2
-1.122 0.881 0.019 2
-1.106 0.742 0.129 2
-1.031 0.562 0.363 2
-0.993 0.44 0.493 2
-0.909 0.198 0.758 2
-0.775 0.09 0.873 2
-0.701 -0.105 1.115 2
-0.593 -0.318 1.74 2
-0.593 -0.318 1.74 2
-0.632 -0.328 1.867 2
-0.617 -0.323 1.963 2
-0.49 -0.272 2.085 2
-0.392 -0.15 2.152 2
-0.335 -0.069 2.166 2
-0.143 0.131 2.164 2
-0.004 0.253 2.138 2
0.328 0.55 2.094 2
1.082 1.053 1.953 2
1.082 1.213 1.884 2
1.24 1.383 1.812 2
1.393 1.558 1.74 2
1.728 1.881 1.546 2
2.025 2.188 1.355 2
2.118 2.329 1.276 2
2.176 2.597 1.146 2
2.159 2.731 1.122 2
2.073 2.992 1.156 2
1.532 3.44 1.278 2
1.532 3.61 1.292 2
1.297 3.806 1.297 2
1.048 4.019 1.28 2
0.612 4.496 1.173 2
0.371 5.073 0.972 2
0.344 5.387 0.878 2
0.411 6.057 0.687 2
0.512 6.428 0.574 2
0.821 7.197 0.335 2
1.592 8.765 -0.153 2
1.592 8.765 -0.153 2
1.817 9.153 -0.304 2
2.071 9.584 -0.442 2
2.413 10.415 -0.624 2
2.54 10.812 -0.672 2
2.719 11.583 -0.715 2
2.789 12.325 -0.782 2
2.813 12.696 -0.83 2
2.844 13.467 -0.821 2
2.65 14.796 -0.502 2
2.497 15.285 -0.215 2
2.26 15.802 0.167 2
1.922 16.36 0.648 2
0.972 17.514 2.123 2
0.397 18.081 3.16 2
-0.883 19.156 5.626 2
-2.281 20.09 8.502 2
-2.973 20.49 9.976 2
-4.218 21.177 12.857 2
-5.14 21.795 16.618 2
-4.558 21.799 17.38 2
-3.167 21.694 17.657 2
-1.324 21.486 17.597 2
2.001 20.722 17.346 2
3.009 20.277 17.456 2
4.082 19.345 18.567 2
4.494 18.502 20.126 2
4.529 18.141 20.947 2
4.223 17.451 22.424 2
3.167 16.819 23.732 2
2.813 16.714 23.858 2
2.478 16.625 23.868 2
2.178 16.527 23.803 2
1.628 16.206 23.535 2
1.362 16.008 23.248 2
0.912 15.751 22.149 2
0.629 15.732 21.33 2
0.531 15.921 19.369 2
0.337 16.307 17.255 2
-0.155 16.97 14.116 2
-0.155 16.97 14.116 2
-0.325 17.162 13.127 2
-0.586 17.511 11.183 2
-0.739 17.842 9.194 2
-0.794 17.981 8.224 2
-0.854 18.153 6.356 2
-0.881 18.189 5.528 2
-0.957 18.148 4.108 2
-0.78 18.05 2.985 2
-0.747 18.033 1.776 2
-0.747 18.033 1.776 2
-0.866 17.992 1.465 2
-1.07 17.885 0.945 2
-0.993 17.758 0.541 2
-0.845 17.696 0.373 2
-0.457 17.502 0.179 2
-0.253 17.377 0.162 2
0.169 17.099 0.351 2
0.526 16.824 0.936 2
1.024 16.513 2.49 2
1.024 16.513 2.49 2
1.206 16.446 3.098 2
1.587 16.372 4.343 2
1.992 16.348 5.59 2
2.183 16.345 6.177 2
2.616 16.324 7.3 2
2.837 16.302 7.848 2
3.296 16.221 8.897 2
3.708 16.185 9.924 2
4.235 15.967 11.238 2
4.235 15.967 11.238 2
4.379 15.917 11.593 2
4.687 15.893 12.177 2
5.016 15.895 12.421 2
5.159 15.96 12.742 2
5.478 16.096 12.902 2
5.652 16.182 12.926 2
5.885 16.374 12.866 2
5.978 16.458 12.785 2
6.11 16.759 12.198 2
6.11 16.759 12.198 2
6.093 16.819 12.002 2
6.074 16.949 11.602 2
6.064 17.008 11.42 2
5.937 17.121 11.111 2
5.83 17.262 10.807 2
5.765 17.351 10.628 2
5.631 17.518 10.221 2
5.542 17.595 10.015 2
5.073 17.753 9.33 2
5.073 17.753 9.33 2
4.934 17.767 9.196 2
4.666 17.791 8.93 2
4.541 17.789 8.796 2
4.312 17.758 8.597 2
4.06 17.758 8.528 2
3.926 17.758 8.564 2
3.66 17.76 8.717 2
3.545 17.758 8.813 2
3.237 17.83 9.134 2
3.237 17.83 9.134 2
3.177 17.846 9.234 2
3.023 17.878 9.498 2
2.947 17.882 9.668 2
2.782 17.87 10.065 2
2.662 17.868 10.494 2
2.621 17.873 10.707 2
2.458 17.868 11.248 2
2.545 17.885 11.516 2
3.265 17.858 12.342 2
3.265 17.858 12.342 2
3.328 17.832 12.433 2
3.27 17.772 12.574 2
3.21 17.758 12.665 2
3.1 17.739 12.864 2
3.035 17.724 12.95 2
2.932 17.686 13.024 2
2.849 17.652 12.943 2
2.808 17.609 12.847 2
2.588 17.494 12.174 2
2.588 17.494 12.174 2
2.549 17.471 11.933 2
2.497 17.439 11.413 2
2.463 17.418 11.119 2
2.367 17.392 10.527 2
2.322 17.377 10.225 2
2.19 17.324 9.653 2
2.056 17.281 9.105 2
1.987 17.269 8.839 2
1.802 17.193 7.879 2
1.802 17.193 7.879 2
1.783 17.176 7.68 2
1.735 17.138 7.34 2
1.735 17.138 7.194 2
1.728 17.147 6.938 2
1.716 17.14 6.842 2
1.711 17.135 6.644 2
1.723 17.097 6.478 2
1.733 17.095 6.407 2
1.884 17.126 6.378 2
1.884 17.126 6.378 2
1.934 17.131 6.464 2
2.085 17.157 6.708 2
2.185 17.217 6.878 2
2.372 17.277 7.257 2
2.473 17.315 7.462 2
2.662 17.408 7.846 2
2.818 17.442 8.03 2
2.897 17.499 8.36 2
3.146 17.497 9.019 2
3.146 17.497 9.019 2
3.177 17.475 9.186 2
3.186 17.449 9.366 2
3.189 17.389 9.747 2
3.179 17.356 10.132 2
3.205 17.358 10.319 2
3.368 17.365 10.632 2
3.462 17.372 10.726 2
3.584 17.377 10.822 2
3.529 17.348 10.886 2
3.486 17.351 10.913 2
3.45 17.332 10.937 2
3.416 17.298 10.934 2
3.356 17.226 10.85 2
3.332 17.109 10.69 2
3.318 17.03 10.589 2
3.265 16.834 10.331 2
3.244 16.731 10.194 2
3.205 16.551 9.953 2
3.086 16.345 9.514 2
3.086 16.283 9.328 2
3.064 16.235 9.115 2
3.047 16.175 8.892 2
2.966 16.003 8.442 2
2.851 15.797 7.994 2
2.791 15.677 7.778 2
2.672 15.411 7.328 2
2.614 15.289 7.11 2
2.552 15.088 6.636 2
2.554 14.787 5.6 2
2.554 14.787 5.6 2
2.547 14.715 5.341 2
2.533 14.664 5.118 2
2.449 14.609 4.778 2
2.363 14.588 4.642 2
2.31 14.573 4.462 2
2.221 14.588 4.41 2
2.178 14.583 4.364 2
2.056 14.547 4.233 2
1.898 14.492 3.883 2
1.898 14.492 3.883 2
1.829 14.435 3.584 2
1.786 14.403 3.447 2
1.714 14.339 3.229 2
1.685 14.296 3.167 2
1.652 14.176 3.191 2
1.637 14.083 3.351 2
1.666 14.042 3.486 2
1.74 13.97 3.797 2
2.023 13.944 4.513 2
2.023 13.944 4.513 2
2.092 13.968 4.702 2
2.145 13.989 4.896 2
2.224 13.996 5.281 2
2.255 14.001 5.461 2
2.31 14.047 5.81 2
2.379 14.085 6.095 2
2.413 14.099 6.215 2
2.492 14.133 6.387 2
2.624 14.221 6.51 2
2.65 14.248 6.51 2
2.679 14.279 6.495 2
2.707 14.31 6.464 2
2.717 14.351 6.371 2
2.7 14.358 6.313 2
2.645 14.37 6.162 2
2.569 14.377 5.966 2
2.525 14.387 5.858 2
2.446 14.387 5.643 2
2.317 14.351 5.26 2
2.317 14.351 5.26 2
2.238 14.336 5.118 2
2.174 14.272 4.85 2
2.047 14.181 4.613 2
1.984 14.152 4.52 2
1.877 14.104 4.324 2
1.85 14.02 4.168 2
1.886 13.841 3.835 2
1.872 13.719 3.636 2
1.731 13.649 3.486 2
1.731 13.649 3.486 2
1.649 13.647 3.481 2
1.494 13.642 3.466 2
1.343 13.666 3.416 2
1.285 13.678 3.39 2
1.192 13.685 3.292 2
1.168 13.683 3.222 2
1.127 13.702 3.079 2
1.048 13.69 2.925 2
0.766 13.635 2.712 2
0.608 13.635 2.648 2
0.608 13.613 2.648 2
0.426 13.616 2.542 2
0.457 13.623 2.456 2
0.462 13.63 2.387 2
0.423 13.64 2.183 2
0.361 13.63 2.085 2
0.215 13.616 1.932 2
0.05 13.621 1.891 2
-0.155 13.635 1.965 2
-0.155 13.635 1.965 2
-0.184 13.637 1.989 2
-0.155 13.642 2.037 2
-0.093 13.647 2.023 2
-0.052 13.642 1.989 2
0.038 13.637 1.92 2
0.074 13.618 1.886 2
0.114 13.585 1.824 2
0.148 13.563 1.805 2
0.217 13.479 1.86 2
0.217 13.479 1.86 2
0.251 13.458 1.901 2
0.313 13.407 1.999 2
0.349 13.383 2.059 2
0.45 13.328 2.176 2
0.538 13.254 2.296 2
0.579 13.216 2.353 2
0.689 13.12 2.475 2
0.739 13.058 2.528 2
0.873 12.759 2.739 2
0.873 12.759 2.739 2
0.902 12.68 2.784 2
0.957 12.471 2.856 2
0.976 12.376 2.899 2
0.988 12.162 2.995 2
1.017 11.913 3.1 2
1.041 11.796 3.136 2
1.065 11.6 3.153 2
1.098 11.54 3.129 2
1.398 11.523 2.518 2
1.398 11.523 2.518 2
1.462 11.49 2.262 2
1.472 11.322 1.874 2
1.424 11.198 1.764 2
1.24 10.867 1.68 2
0.96 10.479 1.652 2
0.814 10.292 1.62 2
0.591 9.976 1.561 2
0.498 9.823 1.532 2
0.287 9.419 1.412 2
0.287 9.419 1.412 2
0.277 9.344 1.391 2
0.268 9.205 1.295 2
0.265 9.153 1.249 2
0.26 9.047 1.189 2
0.277 8.928 1.146 2
0.296 8.875 1.13 2
0.299 8.736 1.134 2
0.299 8.669 1.13 2
0.296 8.336 1.142 2
0.296 8.336 1.142 2
0.28 8.226 1.146 2
0.268 8.051 1.146 2
0.26 7.956 1.13 2
0.21 7.774 1.077 2
0.189 7.671 1.051 2
0.169 7.482 1.029 2
0.079 7.283 1.091 2
0.047 7.173 1.122 2
0.086 6.797 1.204 2
0.086 6.797 1.204 2
0.098 6.703 1.228 2
0.153 6.5 1.297 2
0.174 6.399 1.352 2
0.237 6.232 1.453 2
0.292 6.141 1.496 2
0.363 5.959 1.582 2
0.445 5.77 1.716 2
0.486 5.7 1.778 2
0.665 5.365 2.087 2
0.665 5.365 2.087 2
0.687 5.262 2.185 2
0.73 5.087 2.37 2
0.754 4.999 2.461 2
0.804 4.802 2.672 2
0.818 4.716 2.782 2
0.847 4.561 3.011 2
0.871 4.388 3.253 2
0.876 4.338 3.361 2
0.89 4.089 3.725 2
0.89 4.089 3.725 2
0.893 4.041 3.809 2
0.869 3.991 3.881 2
0.847 3.869 3.991 2
0.799 3.79 4.024 2
0.792 3.773 4.027 2
0.797 3.737 4.003 2
0.766 3.711 3.984 2
0.751 3.677 3.929 2
0.713 3.67 3.749 2
0.713 3.663 3.749 2
0.699 3.651 3.735 2
0.679 3.644 3.715 2
0.699 3.646 3.648 2
0.756 3.636 3.524 2
0.794 3.624 3.438 2
0.871 3.574 3.222 2
0.921 3.557 3.095 2
1.029 3.526 2.813 2
1.192 3.438 2.348 2
1.245 3.44 2.185 2
1.328 3.462 2.02 2
1.434 3.483 1.86 2
1.635 3.529 1.568 2
1.822 3.565 1.3 2
1.922 3.581 1.175 2
2.087 3.617 0.938 2
2.152 3.62 0.837 2
2.236 3.634 0.691 2
2.193 3.545 0.684 2
2.193 3.545 0.684 2
2.128 3.502 0.778 3
2.047 3.462 0.907 2
1.819 3.325 1.266 2
1.587 3.28 1.671 2
1.496 3.229 1.869 1
1.345 3.201 2.202 2
1.29 3.201 2.355 2
1.216 3.222 2.581 2
1.12 3.237 2.753 2
1.096 3.237 2.767 2
1.079 3.239 2.76 2
1.082 3.251 2.722 2
1.077 3.232 2.564 2
1.077 3.208 2.466 2
1.075 3.153 2.274 2
1.036 3.079 2.09 2
1.015 3.023 1.982 2
0.948 2.911 1.771 2
0.787 2.717 1.333 2
0.787 2.717 1.333 2
0.744 2.648 1.211 2
0.694 2.585 1.089 2
0.557 2.478 0.873 2
0.478 2.43 0.763 2
0.28 2.336 0.529 2
0.047 2.241 0.304 2
-0.057 2.202 0.203 2
-0.225 2.138 0.0 2
-0.5 2.011 -0.462 2
-0.5 2.011 -0.462 2
-0.557 1.996 -0.567 2
-0.612 1.992 -0.668 2
-0.72 1.98 -0.845 2
-0.751 1.972 -0.905 2
-0.809 1.98 -0.991 2
-0.847 1.982 -1.024 2
-0.857 1.984 -1.029 2
-0.857 2.013 -1.022 2
-0.873 2.039 -1.01 2
-0.873 2.039 -1.01 2
-0.885 2.068 -1.01 2
-0.878 2.085 -1.005 2
-0.859 2.142 -0.991 2
-0.833 2.178 -0.988 2
-0.768 2.257 -1.003 2
-0.701 2.312 -1.015 2
-0.677 2.456 -1.039 2
-0.581 2.633 -1.046 2
-0.457 2.988 -1.01 2
-0.457 2.988 -1.01 2
-0.418 3.129 -0.988 2
-0.292 3.442 -0.881 2
-0.179 3.821 -0.768 2
-0.098 4.034 -0.694 2
0.047 4.467 -0.545 2
0.124 4.692 -0.469 2
0.275 5.145 -0.311 2
0.421 5.616 -0.131 2
0.646 6.352 0.071 2
0.713 6.61 0.138 2
0.713 6.61 0.138 2
0.842 7.115 0.27 2
0.945 7.58 0.411 2
1.01 7.788 0.454 2
1.103 8.159 0.493 2
1.142 8.339 0.49 2
1.216 8.628 0.509 2
1.295 8.885 0.526 2
1.355 9.143 0.507 2
1.355 9.143 0.507 2
1.374 9.201 0.476 2
1.398 9.299 0.368 2
1.395 9.414 0.253 2
1.417 9.464 0.193 2
1.455 9.555 0.055 2
1.472 9.577 -0.016 2
1.505 9.569 -0.158 2
1.484 9.512 -0.299 2
1.359 9.34 -0.775 2
1.359 9.34 -0.775 2
1.345 9.277 -1.053 2
1.448 9.182 -1.924 2
1.565 9.17 -2.262 2
1.618 9.208 -2.219 2
1.757 9.287 -2.037 2
1.829 9.344 -2.061 2
1.96 9.469 -2.343 2
2.054 9.569 -2.502 2
2.533 10.194 -2.655 2
2.533 10.194 -2.655 2
2.648 10.381 -2.628 2
2.868 10.79 -2.466 2
2.959 11.013 -2.322 2
3.091 11.478 -1.893 2
3.241 11.954 -1.371 2
3.318 12.184 -1.087 2
3.464 12.625 -0.426 2
3.569 12.833 -0.067 2
4.06 13.544 1.553 2
4.06 13.544 1.553 2
4.235 13.683 1.948 2
4.613 13.915 2.741 2
4.807 14.004 3.131 2
5.221 14.123 3.938 2
5.664 14.224 4.778 2
5.877 14.25 5.214 2
6.296 14.243 6.107 2
6.486 14.207 6.56 2
7.082 13.917 8.229 2
7.082 13.917 8.229 2
7.206 13.798 8.633 2
7.491 13.544 9.723 2
7.577 13.336 10.644 2
7.302 12.847 12.682 2
6.632 12.402 13.513 2
6.27 12.256 13.549 2
5.502 12.007 12.955 2
5.159 11.897 12.438 2
5.068 11.202 10.843 2
5.068 11.202 10.843 2
5.272 10.956 10.551 2
5.111 10.46 10.271 2
4.934 10.211 10.173 2
4.738 9.739 9.984 2
4.668 9.538 10.094 2
4.606 9.261 10.486 2
4.628 9.081 10.666 2
4.618 9.002 10.654 2
4.489 8.736 9.792 2
4.489 8.736 9.792 2
4.386 8.652 9.368 2
4.132 8.461 8.482 2
3.988 8.346 8.109 2
3.689 8.097 7.57 2
3.517 7.963 7.417 2
3.193 7.697 7.266 2
2.887 7.467 7.161 2
2.748 7.371 7.075 2
2.346 7.036 6.555 2
2.346 7.036 6.555 2
2.274 6.988 6.399 2
2.118 6.914 6.131 2
2.042 6.895 6.031 2
1.908 6.852 5.889 2
1.843 6.835 5.82 2
1.733 6.816 5.715 2
1.632 6.828 5.607 2
1.592 6.85 5.545 2
1.403 6.929 5.207 2
1.403 6.929 5.207 2
1.367 6.981 5.09 2
1.331 7.065 4.798 2
1.312 7.096 4.632 2
1.259 7.166 4.302 2
1.237 7.192 4.125 2
1.151 7.249 3.761 2
1.098 7.264 3.399 2
1.108 7.29 3.217 2
1.302 7.173 2.597 2
1.302 7.173 2.597 2
1.328 7.142 2.504 2
1.314 7.084 2.437 2
1.201 6.926 2.382 2
1.031 6.802 2.432 2
0.952 6.742 2.482 2
0.885 6.701 2.609 2
0.871 6.694 2.672 2
0.888 6.668 2.767 2
1.484 6.603 2.614 2
1.484 6.572 2.614 2
1.697 6.526 2.47 2
1.838 6.469 2.355 2
2.049 6.409 2.188 2
2.363 6.387 1.994 2
2.528 6.399 1.886 2
2.842 6.44 1.666 2
3.004 6.481 1.585 2
3.308 6.598 1.443 2
3.816 6.876 1.333 2
3.816 6.876 1.333 2
3.933 6.924 1.326 2
4.048 6.974 1.321 2
4.199 7.058 1.316 2
4.34 7.113 1.319 2
4.407 7.146 1.319 2
4.506 7.204 1.297 2
4.549 7.223 1.278 2
4.589 7.266 1.218 2
4.541 7.295 1.151 2
4.508 7.3 1.149 2
4.458 7.288 1.151 2
4.403 7.273 1.151 2
4.297 7.245 1.161 2
4.194 7.237 1.187 2
4.175 7.261 1.199 2
4.17 7.35 1.204 2
4.156 7.357 1.194 2
4.103 7.343 1.199 2
3.838 7.247 1.352 2
3.838 7.247 1.352 2
3.747 7.206 1.393 2
3.66 7.175 1.438 2
3.514 7.154 1.532 2
3.438 7.12 1.563 2
3.263 7.067 1.664 2
3.095 7.01 1.8 2
3.021 6.967 1.877 2
2.858 6.873 2.047 2
2.624 6.718 2.418 2
2.624 6.718 2.418 2
2.573 6.672 2.487 2
2.53 6.627 2.542 2
2.408 6.562 2.576 2
2.324 6.533 2.581 2
2.078 6.423 2.506 2
1.845 6.292 2.604 2
1.788 6.265 2.887 2
1.723 6.308 3.782 2
1.431 6.416 5.262 2
1.431 6.416 5.262 2
1.166 6.533 5.83 2
1.039 6.622 5.863 2
0.878 6.854 5.834 2
0.84 6.974 5.93 2
0.873 7.218 6.311 2
0.912 7.427 6.553 2
0.948 7.52 6.569 2
1.027 7.642 6.512 2
1.209 7.721 6.629 2
1.209 7.721 6.629 2
1.307 7.745 6.739 2
1.376 7.79 6.941 2
1.479 7.814 7.034 2
1.561 7.829 7.053 2
1.644 7.814 7.11 2
1.678 7.795 7.142 2
1.819 7.767 7.235 2
1.929 7.721 7.321 2
1.939 7.666 7.271 2
1.927 7.654 7.237 2
1.927 7.654 7.237 2
1.934 7.632 7.204 2
1.946 7.618 7.178 2
1.929 7.601 7.158 2
1.872 7.558 7.156 2
1.843 7.541 7.178 2
1.774 7.522 7.218 2
1.697 7.479 7.216 2
1.649 7.405 7.103 2
1.649 7.405 7.103 2
1.659 7.383 7.029 2
1.721 7.355 6.797 2
1.798 7.324 6.45 2
1.855 7.309 6.239 2
1.965 7.297 5.806 2
2.018 7.295 5.597 2
2.135 7.254 5.224 2
2.233 7.247 4.936 2
2.303 7.297 4.549 2
2.303 7.297 4.549 2
2.288 7.328 4.41 2
2.257 7.4 4.091 2
2.209 7.489 3.814 2
2.181 7.52 3.682 2
2.152 7.568 3.419 2
2.133 7.589 3.306 2
2.111 7.635 3.093 2
2.102 7.661 3.009 2
2.071 7.783 2.796 2
2.051 7.783 2.796 2
2.051 7.814 2.789 2
1.984 7.877 2.791 2
1.939 7.915 2.803 2
1.841 7.987 2.839 2
1.75 8.054 2.909 2
1.719 8.08 2.947 2
1.668 8.128 3.05 2
1.644 8.166 3.117 2
1.532 8.2 3.33 2
1.532 8.2 3.33 2
1.484 8.207 3.366 2
1.383 8.238 3.433 2
1.359 8.253 3.464 2
1.35 8.288 3.493 2
1.324 8.336 3.493 2
1.316 8.37 3.488 2
1.285 8.423 3.459 2
1.268 8.447 3.442 2
1.151 8.492 3.399 2
1.151 8.492 3.399 2
1.108 8.499 3.39 2
1.048 8.49 3.371 2
1.01 8.487 3.368 2
0.933 8.451 3.361 2
0.888 8.432 3.356 2
0.864 8.415 3.349 2
0.83 8.377 3.349 2
0.814 8.348 3.347 2
0.758 8.274 3.296 2
0.758 8.274 3.296 2
0.754 8.253 3.268 2
0.747 8.174 3.229 2
0.744 8.135 3.191 2
0.725 8.051 3.091 2
0.706 8.013 3.035 2
0.682 7.934 2.925 2
0.646 7.858 2.772 2
0.624 7.819 2.715 2
0.5 7.697 2.569 2
0.5 7.697 2.569 2
0.474 7.683 2.537 2
0.404 7.671 2.478 2
0.373 7.68 2.444 2
0.323 7.716 2.42 2
0.289 7.74 2.425 2
0.198 7.776 2.482 2
0.062 7.829 2.566 2
-0.002 7.865 2.626 2
-0.241 8.006 2.894 2
-0.241 8.006 2.894 2
-0.292 8.042 2.942 2
-0.385 8.061 3.035 2
-0.428 8.075 3.081 2
-0.502 8.095 3.186 2
-0.543 8.097 3.237 2
-0.61 8.097 3.371 2
-0.61 8.063 3.498 2
-0.596 8.03 3.565 2
-0.433 7.951 3.799 2
-0.433 7.951 3.799 2
-0.363 7.948 3.866 2
-0.227 7.977 3.957 2
-0.158 8.001 4.012 2
-0.019 8.049 4.13 2
0.076 8.078 4.182 2
0.222 8.123 4.314 2
0.38 8.164 4.434 2
0.464 8.197 4.501 2
0.78 8.253 4.783 2
0.78 8.253 4.783 2
0.861 8.257 4.846 2
1.01 8.265 4.903 2
1.077 8.296 4.994 2
1.24 8.344 5.066 2
1.321 8.356 5.092 2
1.479 8.372 5.13 2
1.556 8.396 5.14 2
1.668 8.432 5.159 2
1.853 8.514 5.229 2
1.853 8.514 5.229 2
1.845 8.542 5.243 2
1.836 8.557 5.25 2
1.822 8.595 5.288 2
1.776 8.636 5.317 2
1.75 8.648 5.322 2
1.687 8.681 5.31 2
1.668 8.679 5.293 2
1.625 8.707 5.269 2
1.489 8.717 5.176 2
1.489 8.717 5.176 2
1.474 8.729 5.14 2
1.455 8.743 5.095 2
1.477 8.755 4.96 2
1.525 8.765 4.79 2
1.508 8.772 4.709 2
1.4 8.77 4.525 2
1.362 8.779 4.422 2
1.288 8.798 4.228 2
1.087 8.858 3.756 2
1.087 8.877 3.756 2
1.029 8.899 3.629 2
0.976 8.918 3.481 2
0.893 8.968 3.189 2
0.761 9.004 2.94 2
0.67 9.043 2.83 2
0.541 9.11 2.628 2
0.476 9.134 2.552 2
0.313 9.153 2.427 2
0.071 9.237 2.3 2
0.071 9.237 2.3 2
-0.019 9.225 2.305 2
-0.09 9.225 2.298 2
-0.21 9.253 2.274 2
-0.268 9.268 2.257 2
-0.39 9.265 2.276 2
-0.569 9.246 2.317 2
-0.646 9.244 2.346 2
-0.732 9.256 2.403 2
-0.943 9.239 2.631 2
-0.943 9.239 2.631 2
-0.991 9.227 2.686 2
-1.041 9.222 2.751 2
-1.091 9.244 2.916 2
-1.108 9.249 3.002 2
-1.132 9.273 3.155 2
-1.12 9.268 3.316 2
-1.103 9.27 3.387 2
-1.082 9.304 3.533 2
-1.027 9.337 3.73 2
-1.027 9.337 3.73 2
-0.952 9.354 3.861 2
-0.914 9.373 3.924 2
-0.828 9.443 4.024 2
-0.773 9.466 4.046 2
-0.639 9.505 4.058 2
-0.529 9.524 4.063 2
-0.464 9.538 4.048 2
-0.32 9.553 4.005 2
-0.177 9.55 3.909 2
-0.177 9.55 3.909 2
-0.098 9.534 3.835 2
-0.062 9.5 3.79 2
0.002 9.45 3.682 2
0.028 9.414 3.646 2
0.055 9.356 3.579 2
0.074 9.33 3.538 2
0.086 9.263 3.495 2
0.093 9.189 3.462 2
0.102 9.083 3.454 2
0.105 9.064 3.459 2
0.105 9.064 3.459 2
0.107 9.021 3.476 2
0.105 8.985 3.521 2
0.112 8.992 3.543 2
0.129 8.976 3.572 2
0.141 8.983 3.584 2
0.179 8.968 3.629 2
0.234 8.966 3.682 2
0.339 8.949 3.787 2
0.339 8.949 3.787 2
0.383 8.945 3.818 2
0.505 8.978 3.89 2
0.603 9.0 3.972 2
0.644 9.002 4.008 2
0.703 8.985 4.079 2
0.715 8.976 4.132 2
0.739 8.956 4.266 2
0.747 8.93 4.391 2
0.744 8.88 4.546 2
0.744 8.88 4.546 2
0.72 8.856 4.599 2
0.701 8.825 4.707 2
0.682 8.801 4.802 2
0.677 8.784 4.843 2
0.641 8.765 4.898 2
0.627 8.755 4.925 2
0.632 8.734 4.944 2
0.624 8.736 4.944 2
0.598 8.743 4.903 2
0.598 8.743 4.903 2
0.577 8.743 4.879 2
0.543 8.76 4.814 2
0.536 8.786 4.776 2
0.502 8.794 4.69 2
0.452 8.803 4.62 2
0.426 8.806 4.58 2
0.354 8.815 4.506 2
0.323 8.839 4.458 2
0.193 8.856 4.273 2
0.193 8.856 4.273 2
0.162 8.856 4.247 2
0.102 8.856 4.161 2
0.079 8.854 4.118 2
0.031 8.868 4.034 2
-0.035 8.887 3.96 2
-0.055 8.882 3.926 2
-0.095 8.88 3.878 2
-0.124 8.873 3.857 2
-0.225 8.854 3.766 2
-0.225 8.854 3.766 2
-0.253 8.854 3.751 2
-0.277 8.868 3.754 2
-0.282 8.868 3.759 2
-0.304 8.87 3.78 2
-0.316 8.877 3.816 2
-0.318 8.882 3.821 2
-0.304 8.913 3.849 2
-0.301 8.94 3.861 2
-0.28 9.026 3.936 2
-0.28 9.026 3.936 2
-0.277 9.04 3.96 2
-0.244 9.083 4.008 2
-0.22 9.115 4.034 2
-0.186 9.174 4.115 2
-0.167 9.203 4.197 2
-0.162 9.258 4.252 2
-0.131 9.301 4.352 2
-0.122 9.313 4.415 2
-0.112 9.373 4.699 2
-0.112 9.373 4.699 2
-0.112 9.387 4.783 2
-0.11 9.414 4.927 2
-0.107 9.419 4.984 2
-0.114 9.438 5.114 2
-0.117 9.443 5.25 2
-0.117 9.445 5.31 2
-0.083 9.443 5.423 2
-0.071 9.435 5.478 2
0.011 9.428 5.516 2
0.011 9.428 5.516 2
0.028 9.431 5.492 2
0.057 9.421 5.367 2
0.067 9.411 5.276 2
0.141 9.373 5.023 2
0.21 9.323 4.865 2
0.296 9.265 4.51 2
0.28 9.265 4.108 2
0.289 9.273 3.466 2
-0.246 9.665 -1.268 2
-0.246 9.665 -1.268 2
-0.466 9.766 -1.582 2
-0.747 9.9 -1.134 2
-0.809 9.967 -0.847 2
-0.998 10.087 -0.723 2
-1.146 10.127 -0.821 2
-1.515 10.175 -0.969 2
-1.915 10.158 -0.713 2
-2.083 10.12 -0.418 2
-2.391 9.945 1.206 2
-2.391 9.945 1.206 2
-2.399 9.89 1.656 2
-2.396 9.835 2.542 2
-2.387 9.718 2.966 2
-2.355 9.615 3.756 2
-2.336 9.562 4.115 2
-2.243 9.466 4.709 2
-2.121 9.416 4.929 2
-2.047 9.349 5.279 2
-1.632 9.308 5.47 2
-1.632 9.308 5.47 2
-1.505 9.299 5.413 2
-1.381 9.294 5.332 2
-1.094 9.299 5.116 2
-0.878 9.311 4.86 2
-0.804 9.316 4.728 2
-0.617 9.352 4.436 2
-0.519 9.366 4.319 2
-0.318 9.411 4.158 2
0.028 9.495 3.988 2
0.028 9.495 3.988 2
0.15 9.529 3.957 2
0.32 9.572 3.914 2
0.574 9.617 3.845 2
0.775 9.62 3.794 2
0.869 9.624 3.818 2
1.01 9.596 3.871 2
1.029 9.567 3.905 2
1.01 9.481 4.015 2
0.952 9.385 4.278 2
0.928 9.368 4.383 2
0.907 9.356 4.491 2
0.883 9.34 4.613 2
0.854 9.354 4.819 2
0.792 9.392 5.004 2
0.749 9.402 5.08 2
0.663 9.416 5.212 2
0.622 9.421 5.269 2
0.545 9.426 5.375 2
0.414 9.433 5.449 2
0.414 9.433 5.449 2
0.409 9.428 5.449 2
0.399 9.435 5.437 2
0.356 9.423 5.379 2
0.294 9.423 5.308 2
0.258 9.409 5.257 2
0.179 9.366 5.171 2
0.143 9.34 5.109 2
0.076 9.273 4.984 2
-0.095 9.141 4.671 2
-0.095 9.141 4.671 2
-0.126 9.112 4.592 2
-0.153 9.086 4.517 2
-0.208 9.021 4.379 2
-0.241 8.985 4.314 2
-0.294 8.947 4.228 2
-0.313 8.894 4.149 2
-0.33 8.882 4.13 2
-0.354 8.837 4.098 2
-0.399 8.772 4.082 2
-0.399 8.772 4.082 2
-0.43 8.751 4.103 2
-0.44 8.712 4.122 2
-0.464 8.657 4.151 2
-0.474 8.64 4.178 2
-0.507 8.59 4.242 2
-0.517 8.545 4.316 2
-0.519 8.528 4.362 2
-0.529 8.502 4.453 2
-0.493 8.456 4.604 2
-0.493 8.456 4.604 2
-0.454 8.451 4.709 2
-0.428 8.449 4.747 2
-0.371 8.449 4.826 2
-0.335 8.458 4.865 2
-0.277 8.478 4.951 2
-0.205 8.492 5.027 2
-0.165 8.487 5.063 2
-0.088 8.523 5.147 2
0.035 8.576 5.255 2
0.076 8.585 5.284 2
0.129 8.585 5.31 2
0.181 8.609 5.348 2
0.256 8.631 5.42 2
0.292 8.64 5.458 2
0.351 8.657 5.514 2
0.423 8.662 5.549 2
0.452 8.681 5.616 2
0.507 8.698 5.652 2
0.586 8.686 5.717 2
0.586 8.686 5.717 2
0.612 8.696 5.743 2
0.629 8.7 5.786 2
0.665 8.691 5.834 2
0.689 8.691 5.858 2
0.708 8.674 5.901 2
0.718 8.669 5.935 2
0.739 8.655 5.985 2
0.727 8.633 6.045 2
0.711 8.609 6.117 2
0.711 8.609 6.117 2
0.703 8.581 6.134 2
0.66 8.545 6.162 2
0.622 8.514 6.184 2
0.596 8.499 6.191 2
0.533 8.475 6.189 2
0.49 8.456 6.189 2
0.409 8.406 6.165 2
0.328 8.375 6.117 2
0.229 8.332 6.091 2
0.229 8.332 6.091 2
0.193 8.317 6.071 2
0.114 8.32 6.026 2
0.035 8.308 6.019 2
0.014 8.303 6.016 2
-0.064 8.296 6.007 2
-0.095 8.293 6.0 2
-0.143 8.277 5.988 2
-0.181 8.274 5.966 2
-0.22 8.322 5.911 2
-0.22 8.322 5.911 2
-0.234 8.322 5.887 2
-0.239 8.356 5.808 2
-0.213 8.363 5.777 2
-0.179 8.384 5.7 2
-0.107 8.442 5.595 2
-0.074 8.458 5.54 2
0.011 8.499 5.394 2
0.067 8.506 5.332 2
0.253 8.566 5.099 2
0.253 8.566 5.099 2
0.313 8.585 5.047 2
0.402 8.616 4.946 2
0.435 8.621 4.896 2
0.538 8.636 4.814 2
0.624 8.631 4.723 2
0.67 8.643 4.69 2
0.735 8.66 4.644 2
0.761 8.652 4.613 2
0.837 8.595 4.491 2
0.837 8.595 4.491 2
0.854 8.576 4.482 2
0.849 8.561 4.467 2
0.852 8.533 4.453 2
0.84 8.473 4.45 2
0.828 8.427 4.47 2
0.816 8.415 4.479 2
0.799 8.396 4.51 2
0.799 8.384 4.525 2
0.739 8.332 4.635 2
0.739 8.332 4.635 2
0.725 8.336 4.671 2
0.665 8.334 4.755 2
0.653 8.336 4.802 2
0.591 8.363 4.901 2
0.541 8.379 4.999 2
0.507 8.401 5.051 2
0.474 8.439 5.169 2
0.454 8.449 5.236 2
0.363 8.461 5.492 2
0.363 8.461 5.492 2
0.33 8.466 5.545 2
0.282 8.454 5.657 2
0.265 8.432 5.719 2
0.251 8.415 5.822 2
0.244 8.408 5.865 2
0.244 8.384 5.935 2
0.268 8.379 6.012 2
0.296 8.391 6.031 2
0.383 8.37 6.088 2
0.383 8.37 6.088 2
0.407 8.365 6.091 2
0.457 8.344 6.076 2
0.471 8.341 6.059 2
0.502 8.31 6.023 2
0.521 8.312 6.007 2
0.55 8.308 5.954 2
0.591 8.298 5.904 2
0.596 8.288 5.885 2
0.588 8.265 5.767 2
0.588 8.265 5.767 2
0.598 8.269 5.736 2
0.6 8.265 5.681 2
0.61 8.26 5.667 2
0.577 8.25 5.633 2
0.577 8.253 5.612 2
0.565 8.257 5.566 2
0.574 8.26 5.516 2
0.569 8.255 5.492 2
0.557 8.272 5.394 2
0.557 8.272 5.394 2
0.545 8.279 5.379 2
0.512 8.288 5.346 2
0.5 8.288 5.332 2
0.5 8.288 5.315 2
0.488 8.293 5.315 2
0.454 8.312 5.305 2
0.407 8.329 5.288 2
0.38 8.351 5.281 2
0.296 8.406 5.226 2
0.296 8.406 5.226 2
0.287 8.411 5.207 2
0.294 8.42 5.181 2
0.301 8.427 5.142 2
0.301 8.47 5.087 2
0.308 8.48 5.068 2
0.289 8.48 5.049 2
0.272 8.492 5.049 2
0.268 8.511 5.032 2
0.275 8.528 5.023 2
0.275 8.533 5.023 2
0.284 8.535 5.023 2
0.301 8.535 5.016 2
0.332 8.549 5.013 2
0.371 8.569 5.008 2
0.392 8.581 5.001 2
0.45 8.583 4.982 2
0.478 8.583 4.965 2
0.557 8.573 4.941 2
0.663 8.569 4.922 2
0.663 8.569 4.922 2
0.677 8.576 4.929 2
0.691 8.578 4.941 2
0.718 8.552 4.958 2
0.742 8.54 5.011 2
0.742 8.53 5.042 2
0.723 8.504 5.111 2
0.713 8.506 5.152 2
0.687 8.511 5.219 2
0.6 8.511 5.344 2
0.6 8.511 5.344 2
0.579 8.504 5.372 2
0.562 8.497 5.403 2
0.526 8.497 5.456 2
0.517 8.482 5.514 2
0.502 8.478 5.542 2
0.486 8.478 5.593 2
0.466 8.468 5.609 2
0.486 8.468 5.655 2
0.509 8.475 5.7 2
0.502 8.475 5.7 2
0.486 8.468 5.698 2
0.481 8.468 5.691 2
0.474 8.485 5.667 2
0.474 8.485 5.655 2
0.452 8.458 5.621 2
0.452 8.444 5.59 2
0.447 8.435 5.576 2
0.438 8.432 5.561 2
0.45 8.418 5.537 2
0.459 8.406 5.53 2
0.466 8.406 5.521 2
0.476 8.408 5.506 2
0.5 8.435 5.48 2
0.507 8.444 5.468 2
0.526 8.466 5.415 2
0.519 8.504 5.358 2
0.529 8.514 5.324 2
0.548 8.537 5.269 2
0.584 8.561 5.13 2
0.584 8.576 5.083 2
0.593 8.595 5.032 2
0.598 8.612 4.98 2
0.629 8.621 4.908 2
0.639 8.631 4.865 2
0.656 8.65 4.788 2
0.665 8.662 4.716 2
0.668 8.667 4.676 2
0.665 8.648 4.625 2
0.648 8.662 4.587 2
0.648 8.662 4.587 2
0.603 8.638 4.573 2
0.581 8.643 4.573 2
0.555 8.636 4.585 2
0.529 8.631 4.587 2
0.478 8.616 4.58 2
0.447 8.605 4.549 2
0.423 8.588 4.539 2
0.371 8.571 4.551 2
0.318 8.557 4.575 2
0.318 8.557 4.575 2
0.268 8.559 4.585 2
0.256 8.545 4.604 2
0.232 8.545 4.647 2
0.208 8.549 4.661 2
0.191 8.523 4.695 2
0.167 8.518 4.711 2
0.143 8.506 4.762 2
0.136 8.504 4.822 2
0.107 8.514 4.932 2
0.1 8.528 4.965 2
0.1 8.528 4.965 2
0.093 8.537 5.039 2
0.112 8.535 5.099 2
0.124 8.545 5.138 2
0.129 8.557 5.178 2
0.136 8.566 5.205 2
0.155 8.578 5.238 2
0.184 8.573 5.286 2
0.208 8.581 5.3 2
0.208 8.581 5.3 2
0.208 8.581 5.3 2
0.232 8.581 5.312 2
0.27 8.576 5.312 2
0.282 8.573 5.308 2
0.306 8.561 5.281 2
0.301 8.566 5.276 2
0.32 8.573 5.257 2
0.325 8.566 5.245 2
0.356 8.602 5.202 2
0.356 8.602 5.202 2
0.368 8.605 5.188 2
0.366 8.633 5.145 2
0.385 8.636 5.09 2
0.387 8.664 5.066 2
0.378 8.672 5.018 2
0.375 8.691 4.987 2
0.344 8.71 4.92 2
0.316 8.705 4.886 2
0.244 8.727 4.711 2
0.244 8.727 4.711 2
0.217 8.722 4.683 2
0.162 8.715 4.623 2
0.134 8.719 4.582 2
0.079 8.705 4.515 2
0.033 8.693 4.474 2
-0.007 8.696 4.448 2
-0.069 8.696 4.415 2
-0.105 8.696 4.4 2
-0.241 8.696 4.371 2
-0.241 8.696 4.371 2
-0.27 8.698 4.367 2
-0.323 8.696 4.362 2
-0.347 8.703 4.357 2
-0.38 8.722 4.345 2
-0.418 8.724 4.331 2
-0.438 8.734 4.336 2
-0.483 8.717 4.34 2
-0.488 8.719 4.343 2
-0.543 8.746 4.379 2
-0.543 8.746 4.379 2
-0.541 8.741 4.383 2
-0.577 8.722 4.419 2
-0.584 8.715 4.438 2
-0.588 8.707 4.453 2
-0.581 8.729 4.453 2
-0.562 8.729 4.458 2
-0.529 8.736 4.465 2
-0.517 8.746 4.465 2
-0.426 8.818 4.443 2
-0.426 8.818 4.443 2
-0.407 8.842 4.434 3
-0.373 8.861 4.405 2
-0.356 8.865 4.391 2
-0.299 8.868 4.367 2
-0.256 8.88 4.336 2
-0.237 8.906 4.331 2
-0.189 8.913 4.312 2
-0.169 8.923 4.292 2
-0.093 8.997 4.185 2
-0.093 8.997 4.185 2
-0.071 9.004 4.158 1
-0.052 9.016 4.096 2
-0.047 9.014 4.065 2
-0.04 8.985 4.012 2
-0.028 8.968 3.957 2
-0.059 8.961 3.873 2
-0.069 8.942 3.83 2
-0.076 8.935 3.818 2
-0.098 8.949 3.759 2
-0.098 8.949 3.759 2
-0.1 8.956 3.749 2
-0.102 8.947 3.744 2
-0.102 8.952 3.735 2
-0.122 8.961 3.742 2
-0.138 8.961 3.739 2
-0.141 8.921 3.742 2
-0.181 8.894 3.778 2
-0.169 8.861 3.775 2
-0.213 8.83 3.885 2
-0.213 8.83 3.885 2
-0.229 8.837 3.917 2
-0.244 8.873 3.986 2
-0.244 8.889 4.012 2
-0.217 8.906 4.043 2
-0.167 8.942 3.792 2
-0.11 9.052 2.37 2
-0.418 9.203 1.034 2
-0.584 9.28 0.842 2
-0.785 9.426 1.932 2
-0.785 9.426 1.932 2
-0.833 9.454 2.166 2
-1.041 9.476 2.43 2
-1.158 9.483 2.487 2
-1.256 9.426 2.487 2
-1.242 9.392 2.482 2
-1.283 9.337 2.621 2
-1.338 9.33 2.791 2
-1.553 9.325 3.287 2
-2.03 9.361 4.477 2
-2.03 9.361 4.477 2
-2.118 9.366 4.769 2
-2.188 9.368 5.066 2
-2.147 9.347 5.542 2
-1.86 9.313 5.734 2
-1.687 9.32 5.729 2
-1.312 9.332 5.621 2
-1.146 9.344 5.533 2
-0.888 9.383 5.336 2
-0.567 9.373 5.083 2
-0.567 9.373 5.083 2
-0.536 9.356 5.061 2
-0.521 9.328 5.049 2
-0.495 9.275 5.066 2
-0.462 9.201 5.08 2
-0.433 9.172 5.08 2
-0.395 9.126 5.068 2
-0.361 9.105 5.047 2
-0.289 9.083 4.98 2
-0.181 9.055 4.857 2
-0.146 9.04 4.81 2
-0.114 9.033 4.759 2
-0.081 9.028 4.711 2
-0.011 9.019 4.64 2
0.052 9.012 4.582 2
0.071 9.021 4.541 2
0.112 9.071 4.477 2
0.124 9.091 4.443 2
0.107 9.136 4.403 2
0.052 9.246 4.362 2
0.031 9.246 4.352 2
0.021 9.299 4.345 2
0.011 9.323 4.345 2
-0.009 9.352 4.336 2
-0.021 9.371 4.312 2
-0.09 9.419 4.249 2
-0.146 9.423 4.182 2
-0.181 9.419 4.144 2
-0.265 9.402 4.084 2
-0.392 9.399 3.955 2
-0.392 9.399 3.955 2
-0.418 9.402 3.936 2
-0.438 9.385 3.909 2
-0.45 9.371 3.878 2
-0.45 9.366 3.864 2
-0.462 9.347 3.811 2
-0.474 9.32 3.751 2
-0.478 9.308 3.72 2
-0.486 9.287 3.651 2
-0.524 9.258 3.536 2
-0.524 9.258 3.536 2
-0.572 9.225 3.464 2
-0.591 9.21 3.426 2
-0.617 9.191 3.354 2
-0.617 9.182 3.335 2
-0.629 9.15 3.335 2
-0.656 9.129 3.354 2
-0.668 9.131 3.373 2
-0.665 9.126 3.421 2
-0.663 9.093 3.531 2
-0.663 9.093 3.531 2
-0.648 9.076 3.622 2
-0.639 9.081 3.672 2
-0.629 9.126 3.821 2
-0.639 9.146 3.9 2
-0.598 9.15 4.046 2
-0.543 9.143 4.187 2
-0.517 9.134 4.257 2
-0.476 9.122 4.379 2
-0.43 9.095 4.551 2
-0.411 9.1 4.601 2
-0.411 9.1 4.601 2
-0.387 9.083 4.707 2
-0.373 9.069 4.812 2
-0.354 9.064 4.853 2
-0.332 9.071 4.92 2
-0.311 9.086 4.948 2
-0.299 9.064 4.989 2
-0.33 9.038 5.037 2
-0.339 9.002 5.044 2
-0.339 9.002 5.044 2
-0.33 8.983 5.035 2
-0.301 8.959 5.018 2
-0.256 8.949 5.013 2
-0.244 8.94 5.013 2
-0.208 8.928 5.03 2
-0.189 8.918 5.051 2
-0.148 8.882 5.085 2
-0.117 8.858 5.109 2
-0.062 8.842 5.195 2
-0.045 8.842 5.233 2
-0.045 8.834 5.233 2
-0.031 8.813 5.288 2
-0.023 8.815 5.348 2
0.0 8.813 5.372 2
0.026 8.818 5.401 2
0.033 8.813 5.408 2
0.074 8.825 5.439 2
0.119 8.827 5.454 2
0.165 8.837 5.494 2
0.165 8.837 5.494 2
0.184 8.832 5.516 2
0.21 8.854 5.549 2
0.251 8.842 5.571 2
0.27 8.832 5.576 2
0.265 8.842 5.571 2
0.277 8.842 5.573 2
0.27 8.846 5.583 2
0.263 8.846 5.576 2
0.234 8.83 5.549 2
0.234 8.83 5.549 2
0.232 8.822 5.537 2
0.184 8.808 5.475 2
0.158 8.789 5.446 2
0.131 8.765 5.379 2
0.112 8.731 5.308 2
0.093 8.705 5.274 2
0.062 8.698 5.193 2
0.047 8.696 5.154 2
-0.016 8.616 5.018 2
-0.016 8.616 5.018 2
-0.021 8.597 4.994 2
-0.026 8.552 4.946 2
-0.028 8.542 4.925 2
-0.047 8.511 4.903 2
-0.055 8.473 4.896 2
-0.055 8.456 4.891 2
-0.047 8.427 4.867 2

# Completed @Wed Oct 14 10:14:49 GMT+02:00 2020
